#n_{sat}	#E_{sat}	#K_{sat}	#J_{sym}	#L_{sym}	#m^*/m
0.153133	-15.987792	297.263977	30.738527	53.567963	0.686602
0.165124	-16.198559	228.436676	31.949316	52.969883	0.586260
0.163924	-15.872751	232.246536	32.986671	59.462456	0.725001
0.150528	-15.806416	243.481857	31.779026	49.568787	0.666327
0.151537	-15.853888	276.046478	32.013954	52.925461	0.714122
0.145091	-15.955400	290.025940	30.971609	49.703033	0.722342
0.152612	-15.878395	240.093430	31.869452	48.685322	0.696638
0.169611	-15.880494	249.002441	33.054520	53.224365	0.699084
0.148653	-16.031439	295.821411	28.918015	40.549553	0.737127
0.165399	-16.148085	269.745850	30.288067	47.472492	0.674514
0.164193	-16.057322	235.149246	30.829721	47.103928	0.630222
0.164471	-16.102736	276.745056	32.043427	57.509624	0.680873
0.159497	-16.066372	296.347382	33.552380	64.604034	0.659083
0.164037	-16.089647	202.242004	30.902023	47.722820	0.633596
0.151391	-15.871592	220.183884	30.995907	48.019180	0.733096
0.142437	-16.062483	246.112305	31.553812	57.381363	0.713610
0.156160	-16.066433	246.508392	33.765526	64.930756	0.742804
0.157009	-16.019068	277.798889	33.392719	61.933983	0.640157
0.145420	-15.917876	235.849655	29.510298	45.356285	0.688686
0.168861	-16.008512	298.828766	33.365093	63.862148	0.642262
0.156125	-16.036528	279.248260	31.520735	47.491253	0.692767
0.169498	-16.095989	278.536407	33.845882	57.746441	0.663487
0.160757	-16.149193	204.754044	33.057739	58.221752	0.653308
0.157996	-16.111475	206.715973	29.794201	40.931107	0.691620
0.149823	-15.821012	283.805359	29.254644	44.567780	0.702213
0.168073	-16.031237	297.005981	31.487810	55.301514	0.637196
0.160737	-15.805310	253.765274	32.803047	55.651306	0.661058
0.145646	-16.199810	242.178314	33.614502	65.928596	0.741264
0.148132	-16.054892	207.288956	31.247360	51.963039	0.696557
0.152735	-16.085793	276.957397	32.411087	52.561600	0.702417
0.148870	-15.944557	266.193451	30.495773	41.787052	0.735948
0.168313	-16.137905	284.254364	31.496035	54.872051	0.686317
0.162393	-15.884205	277.952057	30.960670	47.126476	0.668304
0.148113	-16.067226	261.958313	29.926947	44.011448	0.725336
0.166216	-16.174122	293.664246	32.575985	48.644096	0.694924
0.164128	-15.907210	281.096954	33.024563	56.267536	0.661940
0.161919	-16.159319	278.169678	33.754219	51.114281	0.735628
0.146007	-16.006546	252.166046	28.670841	43.349319	0.670734
0.146426	-15.939730	205.374405	33.425484	66.052681	0.643792
0.157053	-15.912320	264.511444	33.963528	56.441704	0.676312
0.164862	-15.914551	260.333527	30.581614	40.082935	0.717572
0.166756	-16.095671	210.083023	33.732296	57.291935	0.612597
0.165884	-16.038687	262.033691	33.846859	61.663448	0.651022
0.166525	-15.806624	288.841370	31.081337	41.576275	0.728575
0.158599	-15.896132	231.454346	32.288345	43.095768	0.733801
0.143284	-15.899244	281.593872	32.496243	55.858109	0.727958
0.167516	-16.074818	216.676361	33.982914	65.480682	0.581627
0.150786	-15.998522	295.205200	30.983303	43.659424	0.733555
0.158471	-16.087042	244.573151	33.307323	61.454147	0.675162
0.155239	-15.895923	287.784149	29.665369	40.791729	0.714384
0.159391	-16.052015	265.787872	30.452017	43.967728	0.723757
0.164749	-15.917048	270.290771	33.776337	62.249111	0.662949
0.145717	-15.979505	271.224915	31.199244	49.160271	0.691259
0.167369	-15.818990	268.211456	31.568905	51.083607	0.637299
0.154651	-16.163958	275.377777	31.969088	50.352505	0.637757
0.161658	-16.026569	225.939240	33.967548	55.946609	0.626805
0.146454	-16.143902	243.119110	30.690903	45.496956	0.667219
0.161409	-16.065752	250.799240	32.955883	49.501602	0.699407
0.167077	-16.185040	207.444031	32.485603	53.183968	0.598267
0.149749	-15.951667	298.395660	31.865419	56.993214	0.731139
0.154781	-16.045017	291.498871	33.013580	63.104294	0.654346
0.158582	-16.138016	296.395508	29.381050	42.242176	0.689139
0.165756	-16.031685	298.665741	33.773346	59.824585	0.672625
0.156923	-16.076508	207.254425	31.717672	45.328430	0.645932
0.152443	-15.872571	211.651154	32.670345	49.010929	0.677949
0.159287	-16.053614	211.390564	31.499775	54.400646	0.658620
0.166571	-15.995608	254.107452	32.919228	46.923374	0.728124
0.153932	-16.152782	265.379913	32.911980	52.398491	0.725568
0.156772	-16.131836	259.106720	33.726879	58.327343	0.636476
0.150356	-15.967663	291.096161	32.367573	49.032845	0.696961
0.147584	-15.925643	295.929047	28.655630	41.028969	0.729610
0.143006	-15.953111	271.932251	28.581675	42.658676	0.740729
0.151342	-16.173615	218.765854	32.665691	57.424980	0.679501
0.165308	-15.960769	230.768188	32.959034	49.895645	0.722128
0.165729	-15.810458	269.431244	31.999369	51.101196	0.705324
0.141017	-16.153128	268.183197	31.392538	47.842999	0.707558
0.159788	-15.899663	273.869354	29.269421	40.087383	0.723798
0.147562	-16.013783	297.059662	32.469425	64.057800	0.743881
0.140060	-15.957219	275.201385	32.293846	58.892143	0.722669
0.151277	-16.042837	292.896698	32.057129	52.227982	0.713994
0.159112	-15.958519	295.325104	30.817432	44.521179	0.688375
0.154476	-16.085941	267.380920	32.128963	59.422401	0.643912
0.150430	-16.103716	250.423050	33.245213	63.913982	0.666100
0.157673	-16.062159	228.295609	32.358276	55.858944	0.742382
0.158782	-15.879475	299.576965	33.433357	56.452961	0.688549
0.148839	-15.917012	243.524490	33.687447	54.783863	0.746796
0.168032	-16.125084	202.014206	31.005247	49.747391	0.632343
0.155904	-16.061533	273.756958	31.841906	61.409149	0.658855
0.162178	-15.860549	271.213287	30.709375	42.101013	0.664484
0.161282	-15.957073	290.657288	32.511406	64.869598	0.707000
0.147121	-16.037233	200.141998	32.722294	56.084774	0.648443
0.160506	-16.063099	266.831146	32.972439	63.197582	0.626857
0.158178	-15.806660	298.459747	30.976717	49.720074	0.680585
0.153691	-16.019802	236.351288	30.845461	44.995884	0.663018
0.166228	-15.961916	269.978607	31.898964	62.944122	0.601002
0.167391	-15.928112	204.849457	30.920561	54.742428	0.587381
0.168371	-16.049934	299.490814	31.417999	44.718086	0.731843
0.152519	-16.124920	273.894440	33.087753	68.513809	0.732768
0.157356	-16.018990	287.433594	33.621910	56.706753	0.695607
0.140629	-15.883444	294.615784	29.718761	45.179756	0.749715
0.150674	-15.814178	283.201630	33.568531	66.038292	0.723895
0.165412	-16.181652	280.099213	31.714640	51.937908	0.666438
0.166768	-16.132627	282.105957	31.284565	50.860809	0.701297
0.169431	-15.874214	286.077484	32.022228	49.755463	0.674897
0.146247	-16.001013	287.520142	28.606325	40.186859	0.704253
0.143063	-15.858696	259.821808	28.975557	43.852661	0.733389
0.143373	-16.037834	235.829514	30.329191	45.311443	0.681238
0.163010	-16.033419	229.447876	32.095318	48.773258	0.676220
0.156815	-15.912758	217.795212	31.110477	42.188602	0.738788
0.168328	-15.908358	295.573120	32.073196	55.848114	0.727726
0.156958	-15.948674	266.073578	29.237118	44.135036	0.662909
0.162296	-15.857054	269.974976	29.970385	44.839882	0.656516
0.162865	-16.066528	298.615295	29.843632	41.273994	0.721258
0.159577	-15.978373	202.595016	33.986835	58.078541	0.596922
0.165914	-16.031698	264.721680	32.959595	63.440742	0.593541
0.154644	-16.174801	270.012512	32.277496	59.496231	0.716986
0.167425	-15.919968	296.120087	32.866817	63.691536	0.658505
0.153009	-15.817445	276.387238	32.941116	61.296127	0.690220
0.159313	-15.860777	280.722015	31.743338	55.693981	0.642194
0.161178	-16.124226	292.169830	29.843498	40.274292	0.675442
0.167389	-16.077085	235.303757	32.104225	45.315113	0.703714
0.159616	-15.810032	295.122070	32.752438	55.934441	0.632765
0.165178	-15.912816	275.000916	30.093157	40.675949	0.739773
0.155856	-16.075291	296.098907	31.008451	43.887192	0.711999
0.151497	-15.961101	258.347198	32.876820	59.566875	0.686302
0.156859	-16.175173	215.278458	30.643202	53.724819	0.621409
0.140767	-15.877922	272.463928	30.711473	43.179333	0.732248
0.163814	-16.189875	227.058884	33.650639	48.656803	0.725196
0.157147	-16.067497	243.735275	33.382282	64.922653	0.737242
0.161135	-16.056911	295.477356	32.254978	59.016171	0.736647
0.142581	-15.951633	240.041214	31.568243	48.949059	0.749282
0.146838	-15.868487	299.379761	31.103151	48.794914	0.734621
0.157684	-15.846654	293.399109	32.866226	62.276161	0.686756
0.165943	-16.193720	292.257111	33.179218	46.488724	0.727954
0.158443	-15.837045	275.719330	33.065361	51.123596	0.689194
0.144405	-15.911803	261.162506	30.646244	49.691006	0.686824
0.159862	-16.105188	272.748749	31.327576	42.027199	0.725169
0.154439	-15.947997	231.798920	32.008823	44.804668	0.704881
0.151948	-16.041439	293.843262	31.076759	48.656635	0.677880
0.157637	-15.839462	288.162598	32.571384	67.574112	0.644307
0.159309	-16.004303	279.474884	29.641048	45.357914	0.653055
0.154313	-15.975475	274.484955	33.086979	54.356945	0.658004
0.166428	-15.945385	249.371017	31.564671	40.041508	0.714746
0.160237	-15.993903	275.061066	29.850983	45.065384	0.698205
0.146422	-16.009186	205.568008	31.008789	53.407146	0.651576
0.150283	-16.030428	247.640091	29.263695	42.273552	0.720346
0.166681	-16.022383	268.399017	33.510105	52.410576	0.668724
0.163745	-15.996358	287.151978	29.857546	41.063480	0.676566
0.153288	-15.844438	252.110031	33.602798	65.483444	0.739019
0.158073	-16.129164	258.099670	29.541744	41.729050	0.643660
0.165420	-16.069653	268.879547	30.612207	48.864014	0.633328
0.157845	-16.132166	279.260681	30.894281	51.853867	0.630916
0.168614	-15.934546	290.749939	30.440052	51.212830	0.633721
0.150089	-15.904037	249.920517	29.756096	48.029121	0.698336
0.145720	-15.924386	265.582458	28.804255	42.445980	0.698171
0.165668	-15.822590	216.279434	33.599243	62.889256	0.709972
0.160396	-16.100105	284.942566	33.114227	56.347706	0.713462
0.156158	-15.904411	231.366867	33.939724	61.882061	0.744662
0.169811	-16.117231	237.762863	31.389563	47.234394	0.706918
0.166246	-15.931516	241.151611	32.767921	57.504013	0.691279
0.153577	-16.062677	239.390198	30.746597	46.598438	0.748751
0.160132	-15.943101	262.521912	33.009853	65.223106	0.639325
0.168989	-16.120150	217.273788	33.649628	57.412952	0.701477
0.143782	-16.016697	296.038544	30.393457	52.955231	0.728972
0.167265	-16.186035	262.551514	33.979919	50.240009	0.717068
0.142950	-15.821744	258.403381	30.956102	41.312778	0.714328
0.167949	-16.054787	251.859268	32.383854	56.480511	0.680776
0.153800	-16.018742	294.998657	29.943129	42.615208	0.665488
0.141369	-15.930027	241.074509	31.741249	54.139126	0.723739
0.167796	-15.800137	268.434753	32.405685	58.463024	0.707079
0.161030	-16.107161	206.754700	31.171928	41.897007	0.656365
0.166804	-15.829802	209.690094	30.215384	41.856300	0.665324
0.168304	-15.846551	234.000351	30.712650	55.128246	0.589019
0.156377	-15.938666	232.221039	32.552498	53.100662	0.727157
0.144777	-15.974798	295.005829	29.591904	42.611298	0.742868
0.146952	-15.858535	271.998657	32.249596	47.824089	0.713134
0.140825	-15.874780	240.225220	32.463421	57.253967	0.741258
0.152035	-15.800497	232.915283	33.218544	64.070358	0.702858
0.153014	-15.969967	230.714615	33.584999	61.954941	0.696888
0.151938	-15.850596	270.561432	30.331371	46.840942	0.685107
0.147810	-16.050104	202.534363	31.162634	42.874767	0.660663
0.157919	-16.169714	266.284393	29.886475	42.847725	0.740419
0.161371	-15.993118	270.817322	31.677168	56.986908	0.715904
0.168818	-15.890725	207.744324	32.644222	55.163006	0.585784
0.146770	-15.869809	269.828186	29.624517	50.201374	0.684086
0.153460	-15.917884	282.298096	33.750965	61.042877	0.704129
0.151143	-16.041265	246.907730	30.287773	41.381168	0.701730
0.149925	-15.923677	253.891449	31.991089	59.094303	0.664579
0.149307	-15.891657	217.511047	32.826012	50.891258	0.731712
0.156577	-16.163565	295.549500	33.029549	63.876068	0.708286
0.153379	-16.043989	251.690460	31.269096	50.350418	0.742467
0.169881	-15.901689	227.668884	30.558292	49.607563	0.609793
0.144182	-16.182444	245.579315	32.688023	56.314762	0.678702
0.169528	-16.011003	280.570160	32.703266	56.962002	0.618214
0.167620	-15.902596	244.457321	33.297405	55.804234	0.720319
0.163426	-15.958297	298.051910	31.260084	55.936714	0.670299
0.161457	-16.118778	294.925079	33.399738	60.951504	0.689879
0.151376	-15.978669	248.331985	31.816732	51.535248	0.712377
0.165880	-15.818142	288.178070	32.723701	51.178432	0.739443
0.140565	-16.041574	227.988358	31.784058	54.379791	0.748898
0.158024	-15.995821	251.785538	33.525784	63.624004	0.650535
0.155250	-16.017197	232.375641	33.660873	66.485420	0.707222
0.153157	-15.882523	264.761261	30.881756	44.984779	0.714009
0.161129	-16.135565	226.527725	32.809696	61.684025	0.630194
0.156562	-16.199060	239.335693	33.359108	65.526024	0.690529
0.158680	-16.017719	257.436279	29.961987	45.658737	0.712049
0.156984	-15.983481	248.816010	31.802685	55.308880	0.687020
0.152538	-16.158293	206.686249	28.666664	42.889736	0.624710
0.154105	-16.178970	248.617081	32.858269	48.423862	0.708721
0.149647	-15.942514	278.892517	28.455481	42.480618	0.698884
0.162107	-15.824902	237.300186	30.983112	43.897739	0.721178
0.157956	-15.991314	281.403625	29.685606	46.080421	0.746084
0.149704	-15.825278	240.648361	30.927383	47.028854	0.734303
0.148704	-15.966650	222.724579	32.492966	58.154984	0.666284
0.161568	-16.010509	259.835388	33.559471	62.987331	0.729850
0.145202	-16.125526	254.411697	31.271736	50.957802	0.703114
0.151204	-16.120457	251.600296	32.372799	51.980057	0.748457
0.144798	-16.018808	261.183441	29.501001	44.702194	0.686874
0.161083	-16.178822	280.100555	31.045135	51.572620	0.628318
0.145102	-15.949265	286.279358	32.409691	68.710487	0.734505
0.142060	-16.077364	284.041321	32.213531	61.643345	0.725982
0.146093	-16.128122	294.185059	32.785355	63.498077	0.742650
0.154385	-16.021688	263.831696	32.515301	50.587032	0.653798
0.149760	-16.028311	291.021851	32.715809	53.594482	0.746131
0.161375	-16.096004	285.619446	31.662092	46.689674	0.728812
0.152711	-15.893000	266.813293	31.630562	46.963470	0.713288
0.142547	-16.005678	216.537994	32.196941	56.019218	0.673086
0.146580	-15.861891	208.833328	31.785885	55.077290	0.691490
0.153640	-16.103836	272.725983	33.359165	69.007332	0.748268
0.160931	-15.849114	267.188202	33.423691	50.223667	0.717467
0.169264	-15.818623	280.360840	32.423569	49.203934	0.671276
0.162682	-16.188520	243.298340	33.656048	58.616364	0.709699
0.151637	-15.813856	221.787582	32.673889	54.722569	0.718376
0.145161	-16.144678	244.412292	31.904037	47.771351	0.713349
0.154115	-16.024555	271.997345	31.008486	48.864330	0.709681
0.142493	-16.122149	265.038391	33.194546	56.908066	0.720421
0.151317	-16.166922	281.203522	32.446342	62.417103	0.668519
0.168449	-15.930607	294.769287	31.186481	53.797897	0.650427
0.163975	-16.187546	224.949020	32.663624	54.553490	0.597915
0.150710	-16.130196	212.207321	32.952126	51.050034	0.704220
0.162371	-16.150433	238.566147	33.968128	63.224339	0.613267
0.154796	-15.857159	226.534988	30.702629	42.110432	0.715498
0.167037	-15.905299	246.150131	32.795265	52.388577	0.690306
0.167543	-15.938230	256.587189	33.181015	55.511044	0.673041
0.167047	-16.199732	297.364899	33.285847	53.351189	0.690570
0.162050	-15.977422	203.684418	33.337360	54.453857	0.615397
0.153665	-15.825103	238.700180	33.697571	54.261215	0.731678
0.162892	-15.890094	286.411530	32.728699	49.285954	0.725448
0.140785	-15.893841	240.596252	30.391941	47.855301	0.731918
0.168153	-16.006952	277.392456	32.293221	59.333618	0.724541
0.150249	-16.052626	278.196686	33.291332	59.479744	0.714619
0.157247	-16.159975	262.078552	29.317797	41.478012	0.668032
0.149251	-16.053289	272.105865	28.695097	42.710136	0.704671
0.156731	-16.133461	206.966599	33.215809	63.498142	0.646374
0.153557	-15.897390	242.189850	33.103008	62.013260	0.740137
0.158937	-16.133478	229.596588	33.491302	64.251877	0.736524
0.155510	-15.900558	268.272247	31.169983	45.070889	0.727769
0.156574	-16.061552	279.115479	31.420010	43.934830	0.735036
0.166456	-16.055000	265.198578	31.616932	53.275349	0.714231
0.166188	-16.159645	274.513702	32.936325	57.475063	0.708887
0.143795	-16.173512	282.221741	30.530478	46.367516	0.708579
0.158184	-15.895422	226.254059	29.883348	40.167427	0.728263
0.167686	-15.916007	273.959106	33.537308	67.785591	0.661005
0.166459	-15.824180	270.996765	31.996622	52.673389	0.650350
0.166999	-16.186440	277.110352	33.867256	65.319191	0.691557
0.147882	-16.137516	224.611557	32.593109	53.504467	0.731653
0.142470	-15.977569	267.447968	29.711929	47.381611	0.696265
0.167703	-15.874967	280.317291	33.491486	61.376995	0.669930
0.143243	-15.887881	296.468079	31.935778	52.050846	0.720809
0.155011	-15.902127	253.319901	32.082737	48.978626	0.670859
0.161062	-16.044401	242.083115	33.956985	57.960957	0.700500
0.151799	-16.000021	288.930298	32.463657	61.534439	0.708196
0.167007	-16.127316	224.527420	33.018570	50.567757	0.636688
0.161473	-16.140587	203.971573	33.823421	52.626968	0.725596
0.147686	-16.114008	269.964722	31.942286	59.459076	0.677979
0.160050	-16.143383	284.777863	33.587223	55.676674	0.723013
0.169549	-15.952667	293.166718	31.788963	51.550926	0.702651
0.143236	-15.803763	263.640869	29.682158	40.859131	0.733434
0.156524	-15.887665	255.710022	32.973858	61.591686	0.694169
0.163471	-16.174921	267.937836	32.155827	50.065929	0.656099
0.149135	-15.843918	268.845245	29.431749	44.351517	0.677973
0.159680	-16.123526	298.492126	33.278717	50.531246	0.744268
0.169267	-16.087029	238.845413	33.990669	63.646397	0.637479
0.145761	-16.123613	295.754913	30.773205	45.504578	0.734163
0.157863	-16.041418	251.040207	32.220657	43.710693	0.737409
0.166207	-15.882607	258.035614	33.340816	60.403404	0.665447
0.140748	-15.845210	285.343323	31.692915	59.503330	0.727467
0.148233	-15.837034	274.186188	30.746946	50.354279	0.674238
0.156564	-16.051933	289.268005	32.803520	54.110977	0.720935
0.158398	-16.037931	246.640289	31.526278	49.448971	0.617711
0.145436	-16.055338	237.234772	30.869932	41.879215	0.725839
0.163481	-15.899623	210.565674	30.270031	47.768616	0.614105
0.155664	-15.847122	208.170837	31.004011	47.345211	0.638664
0.152313	-16.126905	292.063354	33.602428	57.220135	0.717396
0.158534	-15.991152	242.344711	31.300138	47.437378	0.728697
0.169904	-15.875045	285.058289	32.023712	59.393917	0.689576
0.160683	-16.084295	214.932800	31.873291	52.055801	0.691553
0.159509	-15.983464	268.958466	30.664692	46.501179	0.745502
0.169713	-15.896698	200.618057	33.859154	56.129025	0.693262
0.143552	-16.150454	245.474457	32.455780	46.766342	0.719916
0.167563	-15.964548	222.375305	32.584476	53.317589	0.673017
0.143902	-15.968099	245.691650	32.818802	49.743782	0.736428
0.161839	-16.019608	291.278687	32.245827	52.067505	0.679131
0.168337	-16.177624	274.119293	30.290533	50.949417	0.599820
0.161525	-16.044498	283.189941	31.735384	52.673149	0.698453
0.147953	-16.042088	233.091232	33.151558	60.584919	0.742454
0.166661	-16.094076	208.112366	31.784494	45.379196	0.646740
0.145492	-15.893234	290.008209	30.714973	54.796112	0.709293
0.165331	-16.057518	258.399506	30.983095	45.107792	0.725201
0.145462	-15.890820	261.369232	30.262676	45.359406	0.733108
0.166013	-15.968165	258.018585	31.325813	50.724220	0.686288
0.165561	-16.020109	224.010773	32.192486	48.825924	0.631372
0.159062	-15.824054	279.510742	31.288677	53.473961	0.666551
0.160294	-16.088085	246.045288	31.601254	45.652454	0.684364
0.160457	-16.167082	240.106567	29.888298	43.010967	0.690934
0.167912	-15.800142	278.408112	33.753464	53.362598	0.678146
0.162791	-15.974703	203.261108	32.739910	51.734882	0.720066
0.160461	-15.803430	278.635437	30.802250	50.222225	0.662637
0.140913	-16.169147	259.728729	29.966114	47.766815	0.717259
0.153678	-15.917006	250.741241	29.447819	43.729336	0.704507
0.158695	-16.034832	292.380707	30.256586	44.356514	0.640345
0.159589	-15.883308	278.473724	31.818357	42.946609	0.718515
0.165637	-16.158091	279.059906	33.117508	51.489967	0.675341
0.147587	-16.174219	289.188660	33.596691	54.981686	0.745422
0.144113	-16.091640	253.843002	32.404121	59.657200	0.684453
0.140090	-15.838681	231.621933	31.516647	52.743168	0.746593
0.162031	-15.800019	242.398392	30.198341	40.750538	0.679893
0.161838	-15.810212	269.412262	30.416430	44.120113	0.681596
0.145962	-15.991193	287.649902	31.129374	50.747261	0.739146
0.147216	-16.154425	258.798431	33.713943	59.423332	0.715223
0.167754	-16.177858	284.848694	32.527966	57.562447	0.624589
0.157318	-16.010555	293.485687	33.705826	68.139236	0.738552
0.143531	-15.809183	256.648956	30.729939	54.860256	0.726032
0.146385	-16.168596	243.000671	33.187954	55.987610	0.670121
0.165347	-15.879396	260.098846	33.968452	62.443317	0.691504
0.151860	-16.069687	290.630859	30.343731	42.306473	0.692607
0.168564	-15.885188	292.791718	31.850655	54.281746	0.735490
0.163460	-15.978507	264.233368	31.479469	54.512138	0.718308
0.146515	-16.081310	244.451187	33.710049	62.947048	0.749824
0.140579	-15.850536	292.170685	30.515932	53.063717	0.742734
0.149854	-16.024908	226.363693	33.653519	63.784374	0.728999
0.143132	-15.865715	282.016022	30.751808	55.208401	0.718237
0.153235	-15.837884	258.125671	32.191216	57.028233	0.668762
0.150209	-16.042522	246.750290	31.579870	51.658817	0.743081
0.143732	-15.857355	259.722565	33.187485	57.383717	0.741940
0.149686	-16.073891	212.066666	31.085392	51.307404	0.649622
0.158526	-16.128212	208.588394	29.303450	48.436626	0.603540
0.152068	-16.073589	246.914810	31.139103	42.171669	0.718978
0.158335	-16.147585	234.824905	31.494844	41.719368	0.743231
0.148343	-15.810632	261.687744	33.189606	58.349388	0.677436
0.163991	-16.030439	299.389343	33.808109	62.546429	0.671616
0.158551	-15.851904	259.412476	29.218151	44.632076	0.658451
0.162041	-16.137291	220.831833	32.003994	45.581680	0.697236
0.162332	-16.088604	271.582947	33.687714	60.473541	0.689532
0.147347	-16.048803	281.688416	30.108934	41.333782	0.720243
0.154214	-15.803819	290.715149	30.880390	52.441772	0.654487
0.141765	-15.954337	276.702118	31.088753	52.527615	0.737732
0.140780	-16.167542	249.294632	31.472864	46.110317	0.723887
0.160029	-15.868416	287.794342	33.863132	67.693680	0.734510
0.155849	-16.042582	249.208923	32.262909	55.019936	0.663030
0.160695	-16.054630	292.510162	33.848759	65.590195	0.656376
0.147325	-15.984091	289.940308	32.974781	51.460934	0.727568
0.150788	-16.190916	200.310089	33.280247	57.800785	0.642734
0.143882	-15.998873	271.343994	31.560862	43.896198	0.743852
0.143318	-15.987587	264.986298	32.465008	59.100834	0.696440
0.145894	-16.023317	215.581116	33.558788	68.534561	0.745999
0.155544	-16.099810	270.779144	32.765270	62.027885	0.728294
0.164260	-16.177244	284.805573	31.810194	44.908405	0.679484
0.165144	-15.917791	229.763626	31.775484	53.895050	0.624641
0.148844	-16.044819	249.697525	31.772234	49.812550	0.694281
0.154268	-15.947621	237.352585	33.088314	53.286549	0.719645
0.140554	-15.980008	250.084534	30.271820	45.602493	0.737739
0.148911	-16.051994	239.100815	33.700798	64.433472	0.707575
0.169078	-15.960697	224.483704	32.165325	60.846912	0.592488
0.147935	-16.173401	277.889435	31.106615	52.385677	0.722335
0.151258	-16.198408	291.040039	31.084072	48.636189	0.722550
0.161181	-15.943769	271.744354	31.794300	46.054169	0.712098
0.159843	-15.816569	206.334641	32.214779	45.798157	0.662325
0.154892	-16.019579	200.039673	32.161507	50.579533	0.663781
0.149482	-15.962109	203.368942	31.999880	45.274902	0.709775
0.147051	-16.081446	252.437943	33.055077	64.321060	0.682792
0.154312	-16.083239	289.992310	31.013924	42.645958	0.679280
0.145662	-15.871768	242.428070	31.067261	40.347347	0.745517
0.148476	-15.976911	222.435425	33.698383	65.012611	0.645983
0.154367	-15.940983	287.460236	31.174280	52.765789	0.676328
0.149757	-16.049147	285.818298	30.494253	40.248634	0.748669
0.158823	-15.910904	222.547180	30.219257	40.883720	0.735663
0.150225	-15.866663	243.057343	33.584702	61.801075	0.723856
0.165378	-15.800202	203.395248	30.836517	43.577030	0.729261
0.162292	-16.077108	283.058533	30.892691	48.231346	0.612154
0.155626	-15.933333	279.294006	33.026012	68.536438	0.662789
0.168310	-15.945974	251.218643	30.312813	53.162766	0.598124
0.169188	-16.103466	281.765198	32.556389	45.030590	0.701306
0.152511	-15.953066	288.030731	28.659595	40.238945	0.685538
0.158253	-15.877621	205.765366	29.895103	51.584972	0.607936
0.160988	-16.108074	202.340378	32.783844	51.611073	0.682898
0.157697	-15.818722	299.973267	30.603754	49.701740	0.729062
0.154099	-15.814294	223.393372	29.473101	41.007458	0.715578
0.160386	-16.030560	236.397049	33.188240	50.003254	0.702104
0.150272	-16.093681	271.094116	30.089960	47.050087	0.673017
0.164894	-15.959593	297.956696	29.781979	43.439213	0.683815
0.159141	-16.109076	260.578461	31.736902	56.413319	0.707086
0.166718	-16.199717	275.560364	33.745777	59.325417	0.631548
0.156223	-15.940948	251.399033	32.712715	54.774025	0.706749
0.169243	-16.082563	280.660614	32.748138	60.487473	0.670292
0.157487	-16.084339	287.282043	31.076675	48.057487	0.636070
0.145879	-16.135050	264.848907	32.134315	57.817394	0.682072
0.143512	-15.840199	244.549149	31.020802	45.481792	0.704364
0.151694	-15.992614	261.637146	31.136610	54.410484	0.729034
0.154308	-16.180126	242.680161	29.486160	43.990509	0.648002
0.160399	-15.838151	263.131317	33.953640	68.446823	0.693450
0.144508	-16.065622	269.945465	31.205978	50.281181	0.744292
0.167432	-16.104584	253.406845	32.187668	45.793602	0.680885
0.164615	-16.108904	257.265656	32.693836	59.076283	0.716183
0.158386	-15.852172	291.571472	32.824471	49.241398	0.701229
0.154999	-16.016411	297.871429	29.670391	48.350616	0.705678
0.161793	-15.991761	245.930740	29.890091	42.526382	0.700483
0.169483	-16.188459	270.341553	33.243675	52.433926	0.679661
0.163152	-15.942550	283.260010	31.492180	58.071011	0.616679
0.164245	-15.964915	248.014420	32.121185	45.524918	0.723522
0.141739	-15.992401	293.932678	31.895144	47.972137	0.734359
0.145542	-15.956850	286.197815	31.094765	44.516720	0.685474
0.161461	-16.016491	275.943665	33.838284	67.596336	0.720796
0.158545	-16.012699	246.935989	30.623211	50.009518	0.664884
0.150732	-15.954887	220.325897	28.448999	41.399685	0.664629
0.151692	-15.978250	290.776367	31.529852	49.337601	0.700732
0.147273	-15.971959	232.695740	32.408478	51.892311	0.707785
0.146785	-16.121939	269.542572	32.416508	56.097996	0.747531
0.157769	-16.173555	272.177917	32.671951	52.807545	0.667319
0.158329	-16.176899	265.764587	31.373531	52.139446	0.710894
0.162551	-15.812010	286.183502	33.687340	69.633041	0.713192
0.164763	-15.943440	253.976547	32.827091	56.689793	0.732635
0.169329	-16.046753	286.026917	33.555866	52.063286	0.658441
0.161144	-16.117455	260.572388	33.282261	52.315117	0.683171
0.160360	-16.084375	262.336609	32.452862	58.670834	0.685746
0.164878	-15.819159	238.002853	32.711777	52.430927	0.695808
0.165420	-16.012962	272.459076	30.618324	50.298576	0.711241
0.147251	-15.939049	232.416443	32.426453	49.978851	0.737211
0.149342	-16.153576	292.473785	29.710556	44.516972	0.712378
0.147474	-16.019983	256.074585	32.500671	57.066566	0.718311
0.147416	-15.943998	295.050232	33.680931	58.274792	0.695887
0.156216	-16.141281	231.652008	30.545078	48.241970	0.650412
0.148986	-15.892084	293.605682	31.864279	61.991425	0.720071
0.169033	-16.138622	234.112076	33.904690	51.790443	0.648976
0.161693	-15.841235	210.877289	30.460098	46.429535	0.671682
0.163978	-16.153854	205.375015	31.541014	47.146786	0.729440
0.154601	-16.107368	283.197876	33.358833	49.324432	0.747427
0.143162	-15.956970	225.184875	32.663799	66.152588	0.719013
0.159781	-16.183155	241.265778	33.419613	55.057316	0.679105
0.165330	-15.888735	255.841217	32.188263	61.368587	0.652391
0.155903	-16.164351	220.570663	30.825104	51.014389	0.617880
0.153485	-16.132998	290.998901	31.050739	41.898949	0.685437
0.147683	-15.963167	281.004669	30.468426	42.223698	0.672510
0.142716	-15.804458	263.723297	30.044456	44.605377	0.721319
0.159337	-16.010777	262.334442	32.951210	55.374378	0.651556
0.166028	-16.105225	223.101715	31.620438	55.852325	0.613042
0.149965	-15.958572	248.116089	33.402306	50.796661	0.732285
0.149301	-16.098900	222.521469	33.439705	67.726898	0.741663
0.157840	-16.192787	261.500458	31.739826	47.925014	0.690719
0.155382	-15.839426	239.165802	33.808651	65.677589	0.712286
0.163126	-16.122959	298.945587	33.278458	63.168392	0.626078
0.158503	-15.987844	231.359543	30.916071	48.494648	0.611329
0.152828	-15.900471	208.707779	33.334137	57.484612	0.688971
0.158603	-15.904651	200.015213	29.595577	44.075134	0.639723
0.168516	-16.177280	217.036331	31.205774	45.290745	0.711006
0.166591	-15.869744	279.331299	30.485085	42.219276	0.706496
0.145690	-16.055033	220.375870	31.890415	55.787617	0.725923
0.161969	-16.113567	264.674500	32.439842	59.334621	0.653475
0.144243	-16.082237	298.636353	31.319189	48.246002	0.729525
0.165315	-15.902128	276.375244	32.688324	47.780388	0.724023
0.153852	-16.093740	291.477051	31.290993	42.803055	0.742230
0.150167	-16.074354	221.190094	32.960583	62.259720	0.738000
0.144448	-16.169262	248.932220	31.228790	42.694115	0.690267
0.150865	-16.183605	282.029388	31.649492	49.491661	0.707749
0.159894	-15.829597	296.007294	30.762871	46.963730	0.638312
0.158490	-15.904807	240.406219	33.203083	61.435703	0.727813
0.152790	-15.831969	266.112213	33.980965	68.903008	0.681126
0.140409	-16.049568	246.304276	29.429945	45.047421	0.721947
0.152625	-16.128054	293.846741	30.156065	48.409763	0.663999
0.140219	-15.804307	234.996872	29.837481	41.345211	0.742193
0.159473	-15.831511	262.931366	31.124668	53.110081	0.738339
0.146456	-15.839753	245.309494	32.362953	59.082466	0.688776
0.165112	-15.817250	260.769318	31.506056	51.611164	0.730745
0.149734	-16.115038	243.471008	32.432602	46.323261	0.683346
0.159346	-15.865098	220.533493	29.511271	48.670559	0.608071
0.161556	-15.887542	213.280182	33.336304	59.872452	0.632166
0.150449	-16.136784	290.413971	31.602415	45.140671	0.688623
0.168191	-15.926764	209.145920	30.227417	46.670280	0.608502
0.157990	-15.910914	290.305450	33.429218	55.100956	0.704807
0.154969	-15.910994	202.430817	30.804050	50.596535	0.682238
0.146081	-16.138998	250.233765	31.413244	48.653389	0.720515
0.159835	-15.800155	236.388428	31.767914	45.156178	0.741573
0.158791	-15.843682	228.883270	31.074549	49.907581	0.713165
0.169243	-16.088245	206.210098	30.615389	48.924053	0.626644
0.156517	-15.868730	221.814224	33.625347	68.499687	0.642799
0.162092	-15.981360	282.996948	33.734707	60.578838	0.625956
0.161813	-15.850733	267.941803	33.371471	53.873425	0.660742
0.147992	-15.872773	273.766876	31.218054	55.999981	0.705662
0.165920	-16.048466	292.159729	31.590832	42.505493	0.735917
0.141673	-16.198395	281.776520	30.486633	44.127079	0.743710
0.164320	-16.032742	298.494751	33.151085	55.081047	0.646614
0.163839	-15.845125	265.591217	30.998219	54.502346	0.658105
0.154857	-15.867681	231.980865	31.872877	47.580914	0.677318
0.161777	-15.860169	246.052475	31.394308	47.621071	0.725805
0.160101	-15.983170	287.444122	33.597515	66.639488	0.663122
0.166641	-15.939161	287.332306	33.195206	68.701752	0.631042
0.163114	-16.008022	204.273666	31.024591	46.514061	0.686472
0.165490	-15.939161	250.217056	33.321659	56.213058	0.671412
0.145002	-15.817826	289.099609	30.583515	42.954746	0.749531
0.167989	-16.089180	278.916779	32.200565	44.268425	0.689518
0.141894	-15.819341	285.857422	31.716150	57.019035	0.728960
0.153088	-15.873944	247.101852	32.491722	63.523785	0.731256
0.161882	-16.041370	259.626007	31.672285	55.422440	0.713393
0.160841	-15.872643	298.825531	32.729179	51.509453	0.671244
0.161704	-15.914866	260.926208	30.230247	40.079323	0.720263
0.147184	-16.108271	208.046585	32.187237	46.465576	0.651278
0.165057	-16.162922	273.417206	32.811195	45.169041	0.719661
0.163898	-16.006939	280.804474	33.945744	57.929287	0.638756
0.141025	-16.057743	237.672653	30.677792	49.611351	0.688590
0.158468	-16.199114	242.982742	32.970963	54.837894	0.715586
0.164530	-16.155865	264.120819	31.506783	50.902534	0.694805
0.157350	-15.906513	210.833496	31.398401	53.627449	0.674456
0.153661	-16.153837	212.961884	31.588144	44.969109	0.674848
0.156275	-16.114185	240.050156	33.227402	50.355148	0.684531
0.151382	-16.009951	263.757172	30.686666	49.494137	0.721255
0.166529	-16.177069	295.887329	30.231001	50.828587	0.648307
0.149194	-15.836817	290.973145	32.463783	60.913265	0.680524
0.164460	-15.902286	228.600174	32.416615	50.576454	0.729001
0.140761	-16.197998	261.828705	30.253719	45.544296	0.747970
0.160440	-15.833239	234.846298	31.748383	49.353168	0.694444
0.169944	-16.027428	250.641785	32.917118	48.629570	0.699679
0.140580	-15.900930	244.377121	29.534786	45.008900	0.690552
0.165384	-15.812872	243.763275	30.179867	49.649044	0.610704
0.152400	-16.135260	211.747223	30.128025	46.576855	0.687383
0.159997	-15.821278	269.575745	32.522320	62.180347	0.708542
0.148001	-15.988013	292.326965	33.039791	56.495022	0.695150
0.147784	-15.991419	223.225235	28.810114	44.142632	0.669135
0.159582	-16.068316	256.693207	29.620419	40.422127	0.648082
0.166287	-16.155916	290.958862	30.824326	44.027878	0.722879
0.154156	-15.871996	289.001343	32.800819	53.855858	0.663956
0.147787	-16.023111	243.303619	30.440784	46.819904	0.717200
0.155890	-15.995980	210.817276	31.020761	49.007004	0.641490
0.156134	-16.145323	273.553436	33.109268	55.210869	0.694776
0.165926	-16.051054	203.824936	32.476364	56.992107	0.647895
0.140581	-15.952909	244.611084	30.599718	44.913300	0.680533
0.160370	-16.124416	256.451172	31.661261	52.269634	0.735487
0.160445	-16.179741	288.214417	30.234739	48.758045	0.725337
0.164730	-15.847883	250.770386	32.675713	55.193810	0.681880
0.153374	-16.033197	205.667130	29.664503	44.595669	0.687908
0.168174	-16.158619	238.060287	30.765408	45.885597	0.663386
0.145278	-15.828536	274.521332	30.642946	50.103508	0.685762
0.160517	-16.005854	276.052887	30.967678	51.023838	0.668889
0.151700	-16.038940	244.649643	32.820152	50.159859	0.692725
0.169269	-15.890265	276.091858	30.720295	53.893574	0.640756
0.154812	-16.154652	294.039764	29.801117	41.022522	0.726665
0.162130	-15.923847	254.790985	31.311420	52.601093	0.686376
0.147130	-15.851808	234.480301	29.754091	41.928535	0.748838
0.167332	-15.957538	244.375626	33.088684	55.400043	0.614221
0.165618	-16.004793	288.666351	33.580563	68.844658	0.660790
0.169547	-15.825163	254.291565	31.772186	54.514465	0.719376
0.162259	-15.886242	238.733795	32.038445	56.318096	0.719815
0.167171	-15.802226	266.406952	30.147373	40.953075	0.704129
0.166278	-16.150181	206.357407	33.133099	47.815853	0.649396
0.161601	-16.079527	266.085388	30.477356	52.587742	0.636332
0.163460	-15.852468	204.817596	30.875320	43.126263	0.679591
0.161445	-16.162746	280.773926	29.922199	47.734524	0.688636
0.149975	-15.958407	248.986435	29.426607	43.296047	0.687333
0.160026	-15.871802	221.045425	32.767467	61.437313	0.620790
0.144504	-16.110844	267.722168	30.357164	41.234550	0.702029
0.152796	-16.141388	266.747437	33.768578	60.053963	0.708974
0.141485	-15.823558	276.877228	32.652016	53.095272	0.714470
0.145717	-15.987662	267.850800	29.473763	40.841885	0.748694
0.143189	-16.156160	297.610962	31.940102	54.888275	0.740487
0.167085	-16.094704	269.740326	30.466328	43.702290	0.735403
0.146523	-16.160975	204.779953	32.963718	49.100655	0.664842
0.143751	-16.096024	291.492035	30.214684	45.363258	0.701811
0.161665	-15.825688	283.018188	30.459494	50.533279	0.618921
0.153595	-16.183672	269.818024	32.648064	48.977097	0.671095
0.156966	-15.916365	200.569885	33.785706	51.820660	0.667303
0.159273	-15.933397	231.159485	32.572456	54.337498	0.643397
0.151285	-15.860299	217.088837	29.969294	48.559750	0.629693
0.166385	-15.818864	283.399994	32.680279	62.034729	0.731323
0.148461	-15.901568	283.314178	32.324787	63.486607	0.730160
0.159202	-15.960871	279.808990	32.410042	48.160767	0.717671
0.167810	-15.950453	277.670258	31.378555	58.077358	0.591955
0.168062	-15.977226	216.739853	33.342594	58.554596	0.685583
0.141150	-15.836777	288.933807	31.989985	50.863739	0.719509
0.140162	-16.121901	260.695984	28.515141	40.248203	0.728591
0.148126	-16.104622	254.591629	30.806322	43.213318	0.746589
0.146556	-16.125586	254.084686	30.476124	43.988579	0.736811
0.162613	-15.820456	299.698334	30.557175	57.819805	0.632906
0.162014	-15.921336	287.881744	32.267323	56.103714	0.684239
0.162298	-15.904649	241.534042	33.779842	55.508442	0.705464
0.160957	-16.148880	252.615051	29.814232	40.673931	0.724371
0.168402	-16.094357	284.642578	33.877041	50.246586	0.725377
0.166263	-16.097425	230.941360	31.316908	53.690205	0.625705
0.153882	-16.123840	260.111542	31.363153	43.943272	0.723056
0.142767	-16.145859	299.007721	31.325935	49.858673	0.730314
0.159403	-16.151976	285.291504	33.872154	64.177734	0.666503
0.155510	-16.105068	291.011810	30.029062	46.018269	0.680268
0.167519	-16.136667	205.067413	33.672203	53.388336	0.624138
0.158068	-16.079050	298.863678	30.439865	41.910831	0.749384
0.154753	-15.986918	273.720703	33.188465	67.615128	0.669489
0.140149	-16.182262	281.110229	29.886705	49.953209	0.748751
0.163512	-15.819242	267.501556	33.632694	62.067524	0.723031
0.146100	-15.816463	264.677551	31.324942	46.467506	0.711792
0.158927	-15.806527	267.101196	30.437410	42.561031	0.690009
0.146702	-16.043230	213.220139	30.300507	46.005856	0.667162
0.160219	-16.181099	292.598053	31.281849	47.980698	0.671355
0.146234	-15.955197	226.451935	28.429144	42.087379	0.657779
0.163831	-15.848213	291.300415	32.888157	65.621925	0.742475
0.142464	-16.141174	224.984177	32.602661	62.671452	0.743498
0.165696	-16.183250	207.822510	32.577927	54.188957	0.609881
0.165355	-15.962544	297.948273	29.891256	48.246387	0.639315
0.160584	-15.936804	270.042664	32.876823	61.587620	0.698674
0.160943	-15.814672	258.529541	31.215122	45.122478	0.727728
0.169655	-15.837799	253.667603	33.153679	52.438450	0.657086
0.168518	-15.800264	291.217987	31.979471	48.186764	0.649209
0.165197	-16.119547	223.522354	32.460556	55.701923	0.638572
0.161264	-16.100994	273.764923	33.245762	47.958580	0.737528
0.142272	-15.918653	255.333008	32.569244	64.442924	0.718107
0.149343	-15.910843	289.559753	29.953665	40.140839	0.668643
0.147080	-15.908092	214.653397	31.116571	43.190895	0.694772
0.168273	-16.097509	211.429947	33.888824	51.201347	0.640882
0.151667	-15.842450	297.004395	31.528000	58.882587	0.671498
0.163401	-15.830589	287.634369	33.656433	60.458313	0.626639
0.157377	-15.903602	208.506699	29.749683	49.617470	0.639807
0.159598	-15.904773	234.693787	31.114670	45.635967	0.727962
0.150538	-15.960789	270.627960	32.780350	59.620350	0.695334
0.152623	-16.197561	260.714874	33.186642	56.605042	0.708368
0.157289	-16.129219	227.741882	33.678257	59.101425	0.656729
0.161212	-16.197088	283.548859	30.314486	44.086739	0.690384
0.160300	-15.921514	276.397552	30.974808	41.423798	0.715509
0.161823	-16.106756	259.370117	31.473558	47.932056	0.700096
0.146881	-16.079277	229.228485	31.426022	51.592789	0.714882
0.167107	-15.976324	245.607040	31.922264	56.457676	0.618481
0.145661	-15.841246	246.775879	31.938728	47.826447	0.679398
0.146889	-15.959114	271.171631	31.918976	46.553928	0.747246
0.159758	-15.863222	289.005585	30.402796	44.483128	0.653922
0.145940	-15.836258	241.740341	29.334158	43.441898	0.687609
0.147853	-16.141058	261.853912	30.392799	46.073261	0.692569
0.166820	-16.138050	201.872131	33.000328	53.068501	0.653220
0.161779	-15.984417	259.818878	33.291714	65.432541	0.650373
0.166172	-16.123693	261.814697	32.727261	43.711670	0.711097
0.168237	-16.080927	297.630157	31.113838	47.319736	0.641659
0.161450	-15.941106	282.781219	30.612307	47.885193	0.658950
0.165596	-15.844120	239.091309	33.373680	53.491184	0.687129
0.150482	-16.044363	259.544525	31.709234	55.583965	0.663095
0.155348	-16.165442	276.458618	29.329739	45.909458	0.670206
0.150218	-16.004971	205.482864	33.656998	65.453583	0.645512
0.148044	-15.846610	228.448502	30.355953	40.709896	0.712529
0.157514	-16.170895	232.680374	33.722870	53.136604	0.729223
0.159915	-15.930291	286.689911	32.037331	59.289867	0.654506
0.157732	-15.944165	297.282501	31.556158	58.339207	0.652459
0.155006	-16.084013	250.710129	32.872253	62.214966	0.732679
0.154180	-16.190815	222.411865	33.585026	48.340553	0.737965
0.166482	-16.156450	245.066727	30.687458	52.062050	0.620917
0.153573	-16.042793	252.695755	32.663620	50.146111	0.705653
0.147889	-15.961853	252.337555	31.943876	46.005585	0.730787
0.167867	-15.883203	245.082657	32.192314	41.893867	0.711528
0.145787	-15.936661	239.115524	32.313412	51.756912	0.730147
0.158104	-15.996505	206.216980	30.678059	50.554741	0.620931
0.149904	-15.810549	252.083466	31.119532	56.357368	0.713132
0.158123	-16.089277	240.327728	33.335327	65.004501	0.734573
0.141027	-15.935312	245.955948	32.432743	55.954170	0.706231
0.151354	-15.821172	252.430405	32.713303	58.340542	0.678993
0.160609	-16.038044	275.821381	30.228109	50.505775	0.635724
0.150413	-16.182718	298.135590	32.232895	50.263638	0.666102
0.142072	-15.851624	259.868042	32.006824	46.606289	0.740150
0.145676	-16.091049	263.712524	31.194836	53.006046	0.749401
0.153703	-15.846849	243.650528	33.307270	59.658699	0.698510
0.155871	-16.127123	258.594452	31.895975	48.176861	0.733610
0.146593	-15.906680	240.889755	31.931671	52.702816	0.730629
0.140054	-15.997802	263.418457	29.839039	49.224503	0.701447
0.168725	-16.157570	276.990295	33.547050	67.008675	0.619507
0.165726	-15.931954	269.379150	31.312571	51.618904	0.643389
0.151120	-15.985587	244.516068	33.848843	69.496727	0.727698
0.147611	-15.864949	243.088318	31.970474	54.864719	0.668981
0.158899	-16.141537	282.858429	32.323296	56.389324	0.625716
0.155476	-16.093519	263.726288	31.497570	45.432320	0.677026
0.153705	-16.007044	202.409988	31.157314	48.957947	0.747862
0.159879	-16.101864	250.249756	30.463285	46.503620	0.733689
0.167530	-15.931778	286.327423	33.593060	57.723812	0.648115
0.146272	-15.801067	263.485901	32.261745	48.217510	0.715645
0.159126	-15.829914	279.293823	31.372969	54.523453	0.664658
0.164723	-16.101616	227.314377	33.364113	58.176468	0.613354
0.152081	-16.118471	201.609360	32.988567	54.225677	0.631891
0.158851	-15.816788	296.691772	33.185360	59.024265	0.741597
0.142466	-16.081797	207.372162	32.624271	64.974014	0.699124
0.152890	-16.098301	209.409592	33.275425	60.554955	0.630771
0.159567	-16.011072	299.024811	32.238083	56.367657	0.652410
0.140190	-16.056467	272.816193	31.041397	45.380226	0.734599
0.148229	-16.072418	240.510300	30.339756	43.740784	0.680530
0.161300	-16.002888	294.515106	32.641293	51.418644	0.647392
0.162457	-15.984323	247.715515	32.733688	59.672504	0.607204
0.163984	-16.062111	203.798248	32.602699	50.787041	0.718677
0.161213	-15.872257	258.819092	32.202168	45.947884	0.721828
0.148697	-15.980486	293.860291	31.412035	48.423302	0.710873
0.149611	-15.821152	269.317383	31.688171	56.952923	0.673333
0.167663	-15.985173	296.423676	31.545954	50.117813	0.630628
0.152748	-16.181925	273.386963	29.706717	46.193493	0.671504
0.149044	-16.170044	270.320740	31.872244	59.836227	0.736578
0.144768	-15.844154	289.165344	32.341988	50.489368	0.726106
0.161571	-15.804390	236.797195	33.697926	59.593552	0.629379
0.140669	-15.973870	243.924500	29.748615	42.368835	0.736519
0.162978	-16.016779	261.339966	33.316673	56.357887	0.681912
0.150591	-16.041887	272.862152	29.638212	43.456665	0.722539
0.158123	-16.091702	227.321899	32.394718	47.152309	0.727147
0.154205	-16.182123	205.300522	31.362427	52.928730	0.655394
0.150167	-15.929736	286.680969	31.134371	57.529816	0.727810
0.158233	-15.833222	216.391418	30.449522	43.888313	0.653708
0.153741	-16.097403	212.457260	31.853384	43.705776	0.693992
0.165436	-16.078836	242.513504	32.808441	56.900494	0.711327
0.154576	-16.175795	229.583893	32.739597	49.626022	0.726793
0.166816	-16.119051	217.484711	32.542282	56.289600	0.689074
0.157248	-16.036421	273.523163	31.995846	57.749073	0.635156
0.169619	-16.010807	256.968231	31.476574	54.622929	0.600765
0.152117	-15.877094	231.952179	33.108307	60.741856	0.639674
0.154845	-16.147293	247.530136	31.947147	51.828190	0.691315
0.157550	-15.805183	241.649704	33.783073	61.473629	0.705229
0.154961	-16.124428	264.148926	28.976654	41.050755	0.675871
0.166487	-15.814185	263.028320	32.466457	54.897552	0.692016
0.163184	-15.805013	252.297775	31.705105	58.546738	0.665060
0.163463	-15.842382	231.296570	32.999092	62.703300	0.645367
0.167893	-16.058472	291.811035	32.397106	55.500080	0.698295
0.161948	-15.983779	283.528717	32.817818	64.411476	0.726988
0.151629	-16.116240	229.681824	31.927176	45.315357	0.713258
0.162051	-15.960303	277.570679	30.899788	48.511845	0.633616
0.164117	-15.963062	219.079559	33.218880	65.702835	0.599675
0.167803	-15.923504	214.622101	32.389874	55.255505	0.712019
0.162852	-15.911867	264.268250	30.641665	41.796215	0.674272
0.157085	-15.870246	278.916046	29.231598	47.286419	0.651153
0.158299	-16.022671	276.175476	33.396118	59.696495	0.672009
0.160142	-16.020908	280.580353	33.862724	62.167732	0.633858
0.167645	-16.138376	295.668152	30.546824	54.421410	0.619459
0.167303	-15.988499	261.051849	31.905516	50.399227	0.680179
0.150848	-16.187645	251.177216	33.674343	54.419899	0.741465
0.158403	-15.880054	218.308121	30.725910	51.702728	0.642040
0.154391	-15.927789	209.678909	33.438969	59.038509	0.724976
0.149766	-15.843231	261.858765	31.348242	60.010216	0.667036
0.165665	-15.902951	243.154938	31.545813	48.346340	0.698531
0.163842	-15.917333	262.855377	31.302635	48.281914	0.718697
0.151903	-16.125824	268.160095	28.874792	41.547771	0.716979
0.153491	-15.877096	270.305054	30.429722	45.940742	0.737756
0.161080	-16.107035	299.990509	30.556137	42.856335	0.676700
0.159357	-15.847311	261.691071	29.526911	48.661358	0.646321
0.155920	-15.892082	249.916962	31.972561	44.692062	0.748270
0.149776	-16.062864	295.842407	31.693399	58.895832	0.687813
0.162111	-15.942926	255.737320	33.062672	48.982162	0.731710
0.162828	-15.983209	225.194931	30.784929	43.717258	0.640279
0.163341	-15.898057	221.504333	33.881847	65.907013	0.624419
0.165904	-15.959746	276.252167	30.944077	43.785488	0.722191
0.155436	-15.958908	225.347427	30.068968	50.516586	0.651608
0.149828	-16.017101	265.071350	32.959743	67.635628	0.713440
0.147377	-15.871569	286.897400	31.553654	55.562618	0.727342
0.163820	-16.005280	256.856720	30.905655	49.480099	0.620794
0.146486	-16.068329	267.089905	29.685539	45.616440	0.682641
0.166711	-15.863918	265.856140	33.638412	68.753143	0.702792
0.141069	-16.199781	279.630981	31.699848	50.257713	0.733372
0.160746	-15.869937	249.616669	31.408545	47.202927	0.657352
0.163441	-16.088945	285.776031	31.617144	53.135448	0.720598
0.149279	-15.857499	297.298401	30.551855	55.379219	0.727255
0.164428	-15.898295	260.168091	32.481533	58.898746	0.699031
0.154838	-16.046698	254.546875	33.744095	54.168095	0.651209
0.152583	-15.836355	219.926788	32.228725	52.765305	0.693359
0.140028	-15.833407	250.482071	32.100403	64.683998	0.738813
0.143793	-16.175953	245.135254	33.073650	61.232586	0.694338
0.160586	-15.926797	298.428955	32.692883	67.696129	0.635461
0.154754	-16.017714	249.368423	32.766102	50.576138	0.743774
0.143703	-16.101307	242.605789	30.789465	48.860134	0.718449
0.146209	-16.119783	294.559967	31.606377	45.949722	0.682467
0.151491	-16.057629	287.910187	32.432835	62.764233	0.701060
0.141549	-15.832712	200.372345	32.513828	59.118076	0.746410
0.162628	-15.949282	282.583069	33.041504	49.751507	0.717613
0.160094	-15.945078	255.574997	32.163738	48.591576	0.717924
0.167289	-16.197306	208.508514	32.001225	52.939045	0.678663
0.140956	-16.133545	295.717499	31.393978	58.530064	0.747252
0.140425	-15.807902	238.589172	30.634310	46.694004	0.691098
0.169801	-16.005970	231.756363	30.665051	52.622150	0.622026
0.164115	-15.841738	248.217072	30.966894	43.198730	0.677864
0.157923	-16.063030	217.176849	31.146805	49.439022	0.614243
0.168141	-16.144205	299.973236	32.652073	65.535141	0.622441
0.165857	-15.869077	247.474960	33.457199	64.327629	0.675232
0.152740	-16.141714	246.315826	33.549706	53.803703	0.700842
0.160474	-15.990682	269.876434	30.966024	42.327515	0.716796
0.154372	-16.149033	253.200851	32.781845	61.148846	0.719325
0.164873	-16.107269	261.449310	33.284874	61.770294	0.667157
0.161437	-16.006540	277.481659	31.246262	50.906662	0.740417
0.161429	-16.076475	216.917160	32.560680	53.138313	0.719051
0.145933	-15.998438	242.994385	32.114731	53.565605	0.675148
0.162340	-16.085102	239.524506	32.803413	55.337921	0.705799
0.149179	-15.952897	271.978394	33.668297	64.915863	0.730450
0.159643	-15.848083	290.428619	33.348347	68.776779	0.681087
0.155204	-15.956159	241.456818	32.375900	54.585533	0.725449
0.164981	-15.895693	290.930908	31.609503	52.800076	0.683288
0.158749	-16.184074	240.352432	32.166767	50.127739	0.732454
0.162409	-15.936588	228.476028	30.044228	44.288063	0.689906
0.161405	-16.091904	279.348358	32.936562	60.483150	0.616867
0.147780	-16.120863	247.314865	32.603271	51.871178	0.699115
0.166084	-15.920427	214.377991	30.326107	51.175236	0.591287
0.141440	-16.005724	232.198868	32.268948	54.457726	0.697471
0.153778	-15.892794	252.092224	31.248978	55.018475	0.671894
0.157541	-16.002804	226.609360	29.810577	41.585880	0.722861
0.162698	-16.032640	281.437927	32.984211	57.263454	0.718629
0.151775	-16.171558	233.847397	32.079029	41.169411	0.744189
0.169356	-16.158894	250.149780	32.465176	44.534451	0.714499
0.167155	-16.077612	290.328033	31.179020	47.065327	0.649984
0.163761	-15.836024	289.790405	30.624784	47.720425	0.691252
0.149739	-15.923850	207.990082	33.344250	64.461418	0.708603
0.150283	-16.013884	261.918610	33.701450	64.257904	0.723719
0.164132	-15.967077	256.462341	32.620403	48.590996	0.704985
0.168816	-15.808974	294.719818	30.341070	53.944294	0.601003
0.165822	-15.876043	294.245148	32.557247	55.608833	0.728395
0.149026	-15.855993	270.241577	31.009390	42.904766	0.698782
0.158893	-16.104290	298.756592	33.144604	66.746597	0.647943
0.156076	-16.133635	213.128479	30.044409	51.334503	0.625692
0.157620	-15.877378	239.468674	32.133553	48.175308	0.667544
0.166099	-16.127758	298.942322	32.724991	47.742928	0.729367
0.141506	-16.003796	265.241333	32.364056	60.528561	0.714142
0.150492	-16.199566	253.683273	32.680050	58.398457	0.655452
0.148176	-16.008377	253.257080	33.848732	56.548573	0.729501
0.153661	-15.947960	297.333191	32.423801	59.644817	0.704782
0.155039	-16.030327	251.246506	32.337517	46.710529	0.702191
0.163296	-15.856234	234.837112	31.636679	45.648449	0.719910
0.147627	-15.879765	287.248199	32.327366	61.803791	0.706422
0.169143	-16.121790	285.954681	33.145252	63.865536	0.688680
0.167172	-15.853371	232.964020	30.838993	51.473881	0.595694
0.150446	-16.168030	219.642868	30.855473	48.066673	0.749892
0.156097	-16.059591	265.463989	33.650227	55.957367	0.749658
0.151558	-16.107489	273.453888	32.408005	46.465801	0.720604
0.163895	-15.998387	258.322388	33.697639	52.295513	0.669630
0.161033	-15.913613	293.868530	31.560648	48.624237	0.736625
0.161570	-16.119518	265.502808	32.236179	47.172531	0.693237
0.158690	-15.906654	200.752579	33.766964	63.213554	0.626208
0.169372	-15.927635	295.409210	30.879726	50.306004	0.711833
0.140645	-15.841708	278.270172	31.847946	61.798096	0.738274
0.165915	-16.163246	255.929199	31.717184	49.587627	0.692992
0.143100	-16.169500	283.349609	29.187275	43.316059	0.696384
0.142934	-16.144083	275.330688	31.274437	54.531040	0.716526
0.148024	-15.829425	272.861603	32.168633	55.837769	0.729944
0.167141	-15.973803	287.731567	30.365379	48.860683	0.646277
0.154708	-15.986023	287.967041	29.304523	42.638477	0.659540
0.156350	-15.912618	282.166687	29.416553	41.437000	0.653584
0.159512	-15.890471	252.586563	30.602579	51.147411	0.659528
0.157073	-16.044622	223.705994	32.416260	46.896175	0.720336
0.155179	-16.181492	223.772324	33.057056	55.306805	0.614250
0.154106	-16.004919	234.829224	32.844955	50.554924	0.691542
0.159522	-16.110071	220.202591	32.945980	53.658760	0.650005
0.144490	-15.848344	240.131195	32.245560	46.204155	0.718617
0.161388	-16.054094	270.588776	31.665218	48.945805	0.640209
0.159650	-16.183563	269.227661	33.948647	58.823582	0.655526
0.147792	-15.880424	268.635132	31.192423	53.759247	0.690183
0.168149	-16.186741	275.698883	31.693336	48.068172	0.734296
0.152190	-15.969198	203.008865	33.946442	69.189667	0.733836
0.159226	-15.820395	285.027435	31.198793	54.713295	0.633728
0.165876	-16.122658	271.310394	30.881813	51.076588	0.643740
0.141588	-15.877265	253.193939	30.799215	51.688908	0.708361
0.165944	-16.191759	202.789215	33.249542	57.649483	0.664388
0.154832	-16.110172	256.904694	33.788364	61.060562	0.647455
0.159565	-15.903268	283.970795	33.098068	60.010807	0.661830
0.141202	-16.047396	286.229004	29.190615	45.914955	0.738445
0.161684	-16.113436	286.727692	32.990421	56.084904	0.714015
0.147455	-15.872010	256.386108	30.786196	46.187843	0.730865
0.144604	-15.810209	233.437531	28.912191	41.727791	0.748037
0.162263	-15.951616	265.487213	31.082165	54.546066	0.664249
0.158119	-15.917775	229.595154	30.835375	51.150879	0.634559
0.148815	-15.983042	262.303223	30.651335	43.551159	0.661243
0.161345	-15.914340	200.631851	31.465179	48.920040	0.655737
0.152632	-16.145472	248.785324	33.226944	54.901756	0.667862
0.141115	-15.927963	243.094681	32.064091	45.745174	0.725892
0.155569	-15.985563	210.178482	31.304993	40.641663	0.700234
0.154533	-16.101025	221.685165	32.335514	59.996433	0.629987
0.160459	-16.118389	256.874115	32.838867	53.949558	0.742548
0.166414	-16.101795	240.479950	31.471067	42.581432	0.662704
0.160979	-16.098991	225.042999	33.895805	62.724972	0.736372
0.158467	-15.897304	218.739273	29.222164	47.377178	0.613201
0.167188	-15.899509	298.295135	32.922878	65.444656	0.664789
0.159540	-16.105665	250.524536	32.294582	49.238377	0.696693
0.150114	-16.046778	291.654175	29.637482	42.707745	0.709822
0.151334	-15.925441	264.750610	33.916992	60.470108	0.695394
0.160031	-16.140068	265.479218	32.681530	59.778946	0.662498
0.144709	-16.081421	238.314835	32.283989	62.769337	0.697861
0.168254	-16.038952	251.363983	30.928345	52.269623	0.600792
0.161564	-15.922547	294.664032	31.901352	55.662628	0.656721
0.160597	-15.962332	269.652130	32.885094	63.744873	0.726074
0.168923	-15.968707	232.599030	31.259741	55.616268	0.598491
0.169896	-15.901665	244.765701	33.513752	46.730026	0.712075
0.152332	-15.868253	228.778275	29.538113	43.994076	0.640305
0.150325	-15.914133	261.634827	32.862148	64.584053	0.718654
0.158071	-16.004894	261.026947	31.278543	51.646008	0.727241
0.149563	-15.984478	283.411926	28.973757	42.234451	0.730829
0.151968	-16.135340	265.404266	32.340683	55.599773	0.708252
0.157761	-16.139227	276.283081	31.559643	56.157520	0.738473
0.160963	-16.051989	265.063446	33.858414	56.505020	0.731190
0.152902	-15.936505	212.414185	30.489992	49.658291	0.622576
0.163777	-16.163578	288.209961	30.711042	49.733124	0.686201
0.165092	-16.123589	216.297394	33.349171	57.011860	0.664334
0.161488	-15.865101	287.555267	32.113686	55.124569	0.720173
0.148684	-16.065159	286.848755	29.323038	46.249584	0.696020
0.157476	-16.164328	207.300110	29.939152	46.608257	0.643497
0.156348	-15.968362	273.292572	32.823658	57.090508	0.724657
0.146687	-15.969422	266.443787	30.887587	43.079674	0.698568
0.145303	-16.174448	293.352661	31.532408	52.089802	0.738575
0.154354	-15.877681	229.176041	31.422895	46.097229	0.741658
0.145706	-16.055210	223.534271	30.281433	43.520386	0.648911
0.148086	-15.857233	267.806458	33.391838	65.868523	0.689748
0.155596	-16.160931	279.125366	32.806187	50.266331	0.710270
0.151925	-16.042933	269.475586	32.122818	59.502415	0.680800
0.155837	-16.122017	298.457336	31.129276	56.494129	0.712792
0.155769	-16.102591	266.649994	31.941629	46.292248	0.743833
0.159167	-16.103739	246.475342	30.573597	46.855030	0.685792
0.161387	-15.975142	270.781891	29.655413	41.160603	0.643542
0.140057	-15.889961	273.703796	31.828564	54.793621	0.725394
0.149437	-15.997403	275.865662	32.738110	50.202721	0.742893
0.164897	-15.976991	201.600952	32.848690	43.923965	0.719998
0.157698	-15.964171	241.667465	32.971851	51.830162	0.725939
0.157862	-16.043936	285.188690	30.677820	52.197468	0.727128
0.168403	-15.817449	283.571899	31.415701	55.430473	0.670510
0.165133	-16.138933	259.647461	31.205452	54.344189	0.658784
0.159920	-15.986651	245.268539	30.930553	53.081062	0.610196
0.148820	-16.190914	263.912231	33.526711	54.888710	0.746384
0.161055	-15.874567	277.296783	32.011253	55.126385	0.684925
0.162423	-16.036612	296.183380	33.897572	59.869934	0.665710
0.162650	-16.167725	268.366913	33.969307	57.205292	0.681915
0.157482	-16.181459	266.515472	31.045162	51.406235	0.668539
0.151866	-15.932041	208.409683	31.907864	49.006924	0.716561
0.167296	-15.964296	217.352707	33.266045	56.387691	0.641171
0.167716	-15.961166	244.008530	31.042715	41.233471	0.683927
0.158506	-16.129099	212.463364	33.598907	61.656979	0.694676
0.146419	-16.128254	227.317123	32.540749	58.842236	0.728306
0.148318	-16.136709	263.892426	33.075130	69.583405	0.690171
0.156998	-15.922177	253.687683	33.842262	61.203560	0.722927
0.168797	-15.875869	287.333862	33.631332	58.394806	0.688418
0.160069	-15.983345	203.540985	30.379234	53.886097	0.610736
0.145947	-16.127472	254.202377	32.360859	61.165314	0.749547
0.168283	-16.109400	260.425720	32.426460	45.492325	0.704022
0.166362	-15.847995	266.146698	31.238192	43.210495	0.735153
0.151321	-16.025375	262.357574	29.269085	43.711716	0.710261
0.149232	-15.821802	270.669037	31.229673	47.943695	0.694853
0.154156	-15.922112	221.772903	29.597916	42.757236	0.726162
0.159634	-15.832266	230.863510	31.934629	49.762959	0.706114
0.147306	-15.976571	280.735168	32.310947	65.963142	0.731706
0.154286	-15.819029	265.472534	31.734303	53.335159	0.741469
0.169107	-16.010815	254.801956	30.570555	40.648335	0.721829
0.151074	-16.107748	248.597443	33.176655	51.622318	0.683429
0.167518	-15.872274	250.193222	33.500298	66.510216	0.640898
0.163442	-16.029600	296.216156	32.775784	56.016315	0.620314
0.164248	-16.119957	252.243393	32.114994	45.898983	0.665025
0.167019	-15.908409	291.442352	30.986200	50.731216	0.701354
0.162529	-16.180744	216.325272	30.610828	55.996525	0.592029
0.146409	-15.881490	215.420059	33.326748	66.449554	0.739731
0.150266	-15.998968	277.348511	32.912098	65.244858	0.745659
0.165456	-15.973511	200.512741	33.125263	55.464104	0.654056
0.141221	-16.098370	206.219452	32.746521	63.137218	0.729184
0.152482	-16.163416	292.286896	30.066698	49.744076	0.666535
0.159166	-16.168869	248.717987	30.157564	41.614128	0.669380
0.158992	-16.053488	255.636536	31.984716	59.784306	0.663509
0.161380	-16.094309	281.685089	32.556267	56.398178	0.715656
0.147531	-16.150419	255.368896	30.663397	43.998989	0.687473
0.155926	-15.862574	251.947128	32.996799	60.035976	0.695911
0.148038	-15.952534	252.663284	32.526318	51.632313	0.690749
0.160790	-15.884338	289.552887	32.693645	61.375866	0.668925
0.160321	-16.152439	205.845856	29.775288	44.281960	0.678027
0.162724	-16.029392	261.623901	29.869923	42.935432	0.705499
0.150624	-16.199936	244.281631	32.166229	54.214920	0.738460
0.154766	-15.855040	273.343170	31.259619	46.891556	0.700356
0.169161	-16.181828	240.493317	33.231716	57.194324	0.656598
0.161834	-15.942738	262.560516	31.533892	53.726067	0.692917
0.167619	-15.996183	213.009048	32.288067	55.986652	0.627227
0.153700	-15.811695	270.605225	33.556496	68.591515	0.737860
0.152877	-16.057775	299.283447	28.818943	40.699879	0.693235
0.147662	-16.102093	282.709320	31.430323	43.761227	0.705580
0.154538	-15.979402	252.899902	32.927525	48.572994	0.739186
0.169584	-16.051060	215.474472	33.784744	58.440399	0.684023
0.144860	-15.914201	241.386734	31.532827	45.160294	0.744571
0.166212	-16.127760	292.094360	33.558163	63.836674	0.652018
0.163597	-16.158131	257.729584	31.353401	45.000309	0.735413
0.151917	-15.890830	279.240051	29.829475	42.949242	0.696671
0.161731	-15.985963	289.827606	31.258219	51.342079	0.668066
0.149493	-15.828228	269.204193	30.585430	48.991837	0.715026
0.146915	-16.105377	241.482330	32.768192	50.678726	0.717013
0.155064	-16.018026	266.706573	32.750519	53.199322	0.683523
0.145856	-16.046471	281.326141	32.934971	52.234566	0.723836
0.156869	-16.005505	282.783142	31.916372	57.073807	0.741898
0.157890	-16.024477	278.746857	31.062393	51.752079	0.683098
0.153413	-15.923852	290.933167	32.840244	50.332863	0.715377
0.160926	-15.917577	217.966461	30.788864	42.567074	0.708919
0.169167	-15.913976	284.180054	32.757069	61.681908	0.690049
0.158026	-15.901970	265.250305	29.417559	42.082161	0.726234
0.153296	-15.816653	289.116486	33.145252	66.038292	0.737676
0.148564	-15.876283	221.999420	31.113369	42.560493	0.723864
0.154904	-15.976092	293.429291	33.354523	65.889305	0.732987
0.160392	-16.027931	257.897736	32.542183	51.434158	0.703978
0.160374	-16.174725	249.266495	32.376801	53.514751	0.690758
0.152434	-16.071146	250.771301	32.813339	65.988075	0.673062
0.160775	-15.902740	216.478180	31.997026	55.469208	0.630047
0.158901	-15.893412	271.402069	30.484312	41.875603	0.664283
0.154741	-15.822646	214.770950	30.042938	47.841160	0.693166
0.144260	-16.178459	257.161591	29.652044	40.293118	0.716629
0.166336	-15.862383	273.312134	33.487606	69.486870	0.626321
0.165791	-16.192636	222.346710	31.883099	44.180721	0.654849
0.162837	-16.054924	213.189209	33.341301	55.943924	0.618990
0.168388	-16.047766	252.663696	33.220303	56.313873	0.666843
0.155170	-15.861856	211.249451	33.106846	58.381416	0.651119
0.150051	-15.951465	252.208847	33.711460	65.021095	0.718886
0.146274	-16.126692	292.573883	31.977489	60.544037	0.699567
0.156200	-15.945605	270.366516	31.597925	42.361217	0.700067
0.163621	-15.831977	284.105896	33.962814	59.144268	0.658803
0.143647	-16.081766	292.061615	31.304995	46.826130	0.725381
0.160155	-15.927961	251.517532	29.317041	41.520012	0.725818
0.146279	-15.876741	266.888397	29.473696	40.743336	0.702397
0.167952	-15.961393	298.293396	31.415577	50.872189	0.631349
0.159812	-16.081305	299.135254	31.522263	47.694962	0.648060
0.166306	-15.819340	244.467773	32.269199	46.918652	0.687257
0.163713	-15.826264	262.542694	33.332909	64.338547	0.682208
0.157261	-15.865248	297.089081	33.133396	51.820286	0.691798
0.142354	-15.964047	242.714310	32.811577	53.577030	0.739835
0.161899	-16.058775	258.081207	33.691151	51.998569	0.686961
0.166393	-15.957947	283.026428	30.074686	45.204193	0.720118
0.160443	-15.833210	210.725601	33.975029	55.787312	0.708820
0.151311	-15.959726	200.356689	33.146099	64.215744	0.652827
0.161751	-16.063469	296.064850	32.403065	59.976139	0.633024
0.153551	-15.855664	267.475800	31.090792	48.929821	0.728333
0.161609	-16.180927	286.370117	30.345064	45.415901	0.710469
0.163097	-16.135786	226.442657	31.075193	40.484989	0.724325
0.140566	-16.028337	219.812500	31.269981	53.261364	0.726869
0.154934	-16.106247	257.310516	31.806091	44.753475	0.702234
0.156111	-15.884295	265.713287	29.572554	42.092312	0.677419
0.140323	-15.823702	238.360611	31.169439	41.476543	0.737808
0.168635	-16.117632	216.693161	32.977974	47.694950	0.672424
0.143194	-15.966131	273.901764	28.066923	40.434113	0.730975
0.168155	-15.825356	287.311676	33.899998	69.984421	0.723842
0.167788	-16.015203	288.811432	33.076000	68.080360	0.615754
0.153769	-15.833498	286.200653	32.921783	67.255440	0.720171
0.162138	-16.079498	260.778717	33.370819	56.319363	0.659373
0.144790	-15.894160	235.385406	32.445728	53.418537	0.678652
0.161249	-16.109940	273.404114	31.174980	56.563976	0.633824
0.145141	-16.049618	254.502945	33.042633	56.825241	0.681512
0.146448	-16.020231	232.862946	33.467278	64.354485	0.716448
0.140297	-15.910158	284.672852	32.617210	54.449371	0.718964
0.150848	-16.012463	295.985199	30.718695	42.144852	0.721186
0.156399	-15.820102	275.240051	32.982224	51.317844	0.683187
0.156735	-16.147175	283.023865	33.763695	61.810608	0.662265
0.146545	-15.822880	278.837555	29.699842	42.580261	0.716617
0.164421	-16.029863	218.287277	30.318380	52.301941	0.589408
0.159048	-15.997664	211.611832	31.402576	42.158318	0.685953
0.150620	-16.102678	259.606903	30.927923	53.941967	0.704685
0.143960	-15.906392	255.571625	30.135836	43.384247	0.735827
0.157944	-16.133081	219.756287	32.338356	40.172588	0.741361
0.165563	-16.169697	276.937256	33.572357	63.842834	0.651039
0.148206	-16.063522	256.574280	31.185347	48.317051	0.718609
0.161108	-16.103603	234.652679	32.400352	58.648785	0.616275
0.149006	-16.198875	289.678009	30.763058	42.080585	0.708585
0.140402	-15.966377	224.082764	32.184319	58.852757	0.723327
0.159058	-16.033005	224.981506	33.607834	55.842670	0.627455
0.165827	-16.172947	244.695831	33.081978	49.321648	0.654961
0.157361	-15.848950	264.228638	31.689116	52.605785	0.677734
0.144952	-15.980734	257.113403	28.706734	42.323654	0.689136
0.160352	-16.035603	278.759735	31.561279	51.535248	0.729156
0.164448	-16.009411	254.424957	31.163385	44.554363	0.666408
0.154244	-15.959970	263.405823	33.079823	65.423935	0.722136
0.150166	-15.881438	277.785126	32.154095	54.891960	0.721929
0.155460	-15.898725	293.878052	31.565090	59.729885	0.713481
0.160002	-15.823652	249.593582	32.895233	53.518059	0.705723
0.166770	-16.035954	266.696014	32.385204	61.689293	0.645185
0.167215	-16.047709	297.909576	31.527168	43.578396	0.735359
0.159393	-16.038198	253.628387	31.313206	50.340031	0.711927
0.163582	-15.947999	291.777679	31.714594	44.712231	0.704456
0.166610	-15.979632	271.719452	33.611370	54.692966	0.663615
0.160627	-16.121962	264.909302	32.014515	44.243843	0.699184
0.149328	-15.803745	260.260681	32.694733	57.227943	0.662645
0.160029	-15.839602	262.130829	31.994089	48.299858	0.694573
0.160905	-16.008121	211.202667	33.543423	55.446857	0.662408
0.142163	-15.943526	250.156464	32.316933	49.128788	0.748936
0.147313	-16.152349	270.621857	29.924484	47.871498	0.712484
0.164654	-16.019396	299.871429	33.178680	68.703529	0.735543
0.148483	-16.081564	286.631165	33.658554	63.083725	0.685222
0.146712	-15.837664	252.917252	28.460773	40.257195	0.679966
0.158630	-15.820773	237.968445	32.054726	58.124306	0.700925
0.142007	-16.181248	229.897079	32.234764	55.460068	0.704580
0.151796	-15.962314	297.734436	32.843491	59.020462	0.717342
0.169972	-15.902749	275.177216	32.779621	56.496639	0.725468
0.157340	-16.035597	222.179703	32.769051	46.791168	0.740633
0.169871	-16.109562	204.012970	30.787680	47.173130	0.648252
0.152479	-16.124535	257.595886	33.948063	56.575394	0.747238
0.167076	-15.887775	257.808502	31.972523	58.530735	0.653346
0.154195	-16.144539	255.853745	33.038742	52.542130	0.731548
0.141731	-16.166508	271.475281	32.954556	53.374741	0.709654
0.157086	-16.127270	297.542114	33.058689	64.806702	0.647390
0.148930	-16.156031	293.106171	33.902447	61.324242	0.747126
0.150966	-15.891008	260.461609	32.067543	46.866585	0.723801
0.157495	-16.037046	219.068924	32.265800	56.171741	0.615353
0.166185	-16.020683	219.683823	32.558002	57.976410	0.664824
0.169135	-15.856183	237.862854	32.756470	43.290020	0.725659
0.150130	-16.102734	249.466629	31.128073	47.061687	0.650694
0.144410	-16.007298	242.779526	32.306236	44.778545	0.735828
0.167599	-16.146938	293.210785	33.568783	63.349701	0.624821
0.147648	-15.912261	260.068634	31.369404	45.329544	0.721556
0.158218	-15.955929	273.324036	33.303768	65.141632	0.718415
0.163242	-15.807075	266.285126	32.711475	54.713108	0.648458
0.162817	-16.074234	268.961090	33.969753	57.169529	0.641553
0.164867	-16.063139	246.746735	30.318342	49.563492	0.669322
0.152817	-15.821301	269.533508	31.249004	52.806419	0.662529
0.160140	-16.147480	258.580902	32.049042	48.114681	0.658113
0.150973	-16.105520	251.405792	32.533352	61.678825	0.654552
0.151678	-16.011196	285.315613	29.615965	48.984203	0.664256
0.161587	-15.971849	270.029633	30.549467	46.186394	0.669297
0.140387	-16.120985	249.365356	29.969959	41.689140	0.689313
0.154293	-15.876857	222.154434	32.121616	61.706921	0.628832
0.149881	-15.930822	250.846985	32.005028	54.735138	0.713657
0.151262	-16.039103	295.732483	30.585545	50.988728	0.744599
0.148230	-16.087765	256.651520	33.246670	54.401714	0.674653
0.151930	-15.883582	234.460281	32.963642	65.555740	0.731431
0.167036	-15.965629	278.955048	32.918354	65.345016	0.670403
0.157627	-16.096144	280.887634	33.769604	54.345840	0.719045
0.168504	-16.147839	277.924133	30.448895	46.209110	0.722922
0.149074	-16.048717	259.470367	31.306057	47.073639	0.691507
0.146326	-16.065262	277.962952	30.700388	43.751057	0.676707
0.164522	-16.151180	268.475494	33.479973	59.121002	0.727212
0.152090	-15.920695	207.712799	32.655930	62.271152	0.661275
0.148819	-16.020939	271.997498	30.266239	49.857300	0.686838
0.143965	-15.947240	254.681076	30.724600	45.150654	0.686821
0.168637	-15.857509	288.870026	30.776419	53.804447	0.642325
0.162427	-16.180361	207.766891	33.511517	50.414955	0.639807
0.147545	-16.164860	245.162689	33.402229	66.077988	0.724886
0.155704	-16.053186	237.460541	32.400723	46.982712	0.682467
0.165578	-16.127495	274.344757	32.857159	60.081371	0.683741
0.146033	-16.143061	246.578033	31.190525	43.432220	0.739934
0.163556	-15.851160	281.977203	31.362625	42.210518	0.706670
0.168003	-16.113804	289.005676	33.523235	48.767853	0.712530
0.153643	-16.151638	244.565109	30.191219	40.259819	0.674725
0.168325	-16.067047	285.647797	33.958946	50.860901	0.733525
0.146694	-16.046364	224.216446	32.776787	57.177502	0.659388
0.162161	-15.986972	284.327454	31.399057	52.715988	0.653061
0.148156	-15.814942	240.974823	32.016090	51.675732	0.730207
0.157705	-15.951587	205.293762	33.233063	46.566200	0.734861
0.158555	-15.964126	204.578766	30.335691	46.468777	0.641798
0.167223	-16.095602	291.456146	31.661921	56.726704	0.710413
0.147120	-16.068571	260.680359	31.113882	55.018730	0.680057
0.148056	-16.180450	272.260742	31.860306	46.845821	0.683010
0.164546	-16.065382	297.560883	30.831520	53.227520	0.652844
0.165016	-16.104923	201.358444	31.677982	46.755081	0.697953
0.148864	-16.003260	272.982513	32.833698	53.607567	0.715412
0.142845	-15.882724	248.917160	30.975010	47.731064	0.711435
0.167769	-16.047817	245.844955	33.528893	55.620182	0.659809
0.152804	-15.981744	254.354767	31.523954	44.504738	0.692311
0.165377	-16.074493	277.756744	31.262486	52.718197	0.703700
0.161772	-15.830848	293.177612	31.688784	49.995449	0.684923
0.144718	-16.008348	292.763855	32.247898	54.068027	0.730078
0.145360	-15.860736	291.252014	30.505676	44.993366	0.721772
0.159836	-16.159834	234.853210	33.096710	49.024212	0.726401
0.160408	-15.974897	258.301849	31.029818	51.589909	0.699919
0.157447	-15.988219	225.017624	32.727535	47.094738	0.724277
0.141534	-15.891935	201.747574	30.153683	47.008335	0.695065
0.145764	-15.974216	266.466187	32.820076	52.939537	0.743107
0.166650	-15.925858	270.228821	32.503464	58.256020	0.669696
0.163613	-15.936888	218.717224	32.790829	63.479965	0.597273
0.166987	-15.883771	248.816345	31.082438	52.608139	0.613646
0.142337	-16.085640	226.303101	32.423935	59.664001	0.727683
0.142173	-16.157763	272.119781	28.939913	40.519741	0.718725
0.149591	-16.152222	278.055298	30.206244	40.873486	0.713547
0.156362	-15.997104	234.449768	30.949175	46.159782	0.636926
0.143475	-16.148207	279.028015	31.873882	50.465019	0.744718
0.163678	-16.181625	261.235382	30.829952	42.427124	0.690690
0.155934	-15.862250	281.377960	30.494139	44.745049	0.709478
0.143877	-15.945627	248.535721	31.514179	53.244984	0.682240
0.168676	-15.836000	291.943390	33.283855	68.212212	0.605697
0.159872	-16.033621	278.659515	32.297787	47.956512	0.691526
0.168762	-16.082016	258.300201	31.344433	48.591560	0.649754
0.156046	-16.110754	263.638245	31.754730	54.547241	0.735100
0.156643	-15.815351	252.685364	32.534279	56.505981	0.659080
0.153688	-16.061308	254.834991	33.920349	60.128502	0.662605
0.155336	-15.979566	261.633820	33.348564	53.194855	0.724480
0.165708	-16.165791	236.279968	30.558538	49.499783	0.594620
0.162997	-16.043131	296.554138	31.314816	46.963909	0.740115
0.146649	-15.897281	225.263321	31.452148	40.423965	0.730080
0.161315	-16.082157	204.532730	33.728001	57.835270	0.604979
0.149052	-15.838281	251.912231	30.686762	49.035316	0.745481
0.160566	-16.162041	254.567886	31.521688	48.182465	0.707732
0.162560	-15.815226	279.957825	33.959633	64.758118	0.688413
0.168196	-15.887328	260.481781	33.212322	55.018959	0.721092
0.142766	-15.815044	260.515472	29.968031	50.833828	0.712600
0.157246	-15.804520	275.686218	33.557697	57.221478	0.726260
0.158598	-15.818722	245.808380	32.174023	50.752411	0.743215
0.140356	-16.077738	203.669983	29.540962	40.808361	0.732877
0.169102	-15.985107	273.446075	33.869408	65.915962	0.684573
0.140906	-15.866633	252.329102	30.113569	50.938183	0.728130
0.166642	-16.056301	288.310913	31.111931	49.324581	0.608227
0.167558	-16.113068	251.280563	32.971104	60.549458	0.710678
0.160646	-16.022593	235.012680	32.018204	55.041145	0.624953
0.161054	-15.940692	243.490662	32.500923	49.203850	0.723822
0.166013	-15.884564	211.786438	33.856606	60.540039	0.589809
0.163446	-15.900208	234.755371	33.289570	68.631584	0.614240
0.161121	-15.869277	298.146149	32.436096	53.217510	0.667073
0.162848	-16.154165	264.109192	33.984776	66.991959	0.727069
0.159816	-15.940664	251.866501	33.291294	64.455124	0.651093
0.168261	-15.967690	249.514557	30.353405	48.136314	0.696196
0.163049	-16.030880	278.912689	33.346298	65.009331	0.630601
0.140146	-15.827458	225.068390	31.792423	52.522469	0.727272
0.153987	-16.076319	291.361725	33.093216	63.578796	0.671500
0.153158	-15.947941	281.803406	31.176466	51.375813	0.651558
0.169911	-16.180069	224.468811	33.468330	66.267403	0.605012
0.155505	-15.889130	256.179535	33.961014	66.878517	0.733613
0.152947	-15.827610	270.644684	33.227253	57.322556	0.722506
0.148039	-16.020906	240.561905	30.840248	44.180683	0.739846
0.165435	-15.958896	281.859955	33.577625	53.083958	0.701806
0.162477	-15.817837	249.242233	31.553816	56.550171	0.693483
0.148334	-15.989513	276.505402	30.527100	41.343727	0.748323
0.167953	-15.968452	285.828918	33.512718	52.867542	0.686802
0.167777	-15.862432	226.135910	31.609961	56.616936	0.608939
0.162606	-16.166319	294.415375	32.205853	55.124168	0.673909
0.156903	-16.077385	265.855560	31.731548	54.723473	0.740255
0.163092	-15.939758	273.127747	31.954428	46.255146	0.660296
0.160892	-16.054352	267.596649	31.689299	43.997917	0.739011
0.163126	-16.154095	204.464111	32.983135	45.556622	0.717282
0.152091	-15.873252	269.149414	32.063053	61.251419	0.703945
0.164520	-15.870023	201.589569	32.605038	42.194832	0.702660
0.146199	-15.966387	250.079086	31.343975	46.685593	0.672052
0.160302	-16.066814	214.536774	33.670399	66.484238	0.602657
0.164834	-16.190386	276.018524	31.218195	54.939941	0.669533
0.142825	-15.913657	262.417664	29.677591	41.751480	0.719325
0.150033	-16.006804	291.972839	30.807703	42.320000	0.746329
0.153856	-15.815382	299.207703	31.506039	50.004398	0.669134
0.161083	-15.899150	249.265717	32.487698	47.146881	0.666965
0.160976	-15.932209	273.406555	31.462963	55.081062	0.741527
0.156840	-15.836357	295.393433	32.619736	66.071938	0.719462
0.167012	-15.815691	297.117188	32.176857	54.600777	0.723183
0.152203	-15.931084	287.487518	31.368586	43.550804	0.735419
0.156955	-15.936488	274.525085	32.198494	53.540371	0.747442
0.146559	-15.930645	200.824005	30.377142	43.780956	0.665171
0.140983	-15.925939	263.164581	29.904705	41.421787	0.740232
0.163759	-16.064138	247.175827	31.232418	53.932007	0.599832
0.155175	-15.906936	297.091156	32.652592	62.840752	0.722498
0.157468	-16.027176	208.098969	29.140396	48.452374	0.606656
0.163470	-15.916619	246.078568	32.721718	60.810913	0.609913
0.158693	-15.828231	281.329773	32.878624	62.747524	0.681365
0.152529	-15.980738	297.484436	32.470974	60.665604	0.716122
0.155064	-15.946637	235.961136	33.286942	63.536613	0.683240
0.161492	-15.988909	260.471527	33.357178	58.471870	0.676884
0.155060	-15.920932	255.150223	33.095596	58.602364	0.698705
0.161983	-15.854269	239.044556	33.143978	49.030766	0.729121
0.153825	-15.935815	253.975235	31.032425	47.391201	0.719717
0.145436	-15.968246	290.905670	32.101688	54.073864	0.716761
0.153425	-15.813552	262.460083	30.614344	53.158058	0.646402
0.149099	-16.189795	276.563019	32.947109	56.879875	0.683435
0.155917	-16.126282	250.950058	33.975662	66.829117	0.685556
0.146287	-15.954018	212.109940	30.469395	43.982803	0.670549
0.161117	-16.013412	288.727356	33.021069	58.161919	0.683587
0.158304	-16.044077	236.752258	32.181057	55.020325	0.720134
0.166688	-16.081955	227.773148	33.471870	56.260540	0.661595
0.164587	-16.185293	273.110596	32.024986	46.090115	0.681730
0.143171	-15.809292	258.447723	28.169096	40.787987	0.690893
0.155394	-16.180307	202.955200	33.035103	52.224937	0.697022
0.149945	-15.937517	255.873306	32.408875	60.994766	0.702065
0.153841	-15.952679	263.950348	32.129494	45.997276	0.724592
0.149924	-16.072983	266.736145	32.407574	53.259159	0.699485
0.156852	-16.100613	268.510437	33.282894	65.323395	0.684395
0.162780	-15.859298	266.418945	32.769073	53.012695	0.639136
0.160775	-16.187830	258.999329	29.688009	42.819729	0.672293
0.159677	-15.817791	288.434875	29.353996	41.182053	0.749453
0.168879	-16.047823	241.763870	32.692173	47.358929	0.708460
0.148979	-15.960880	298.848785	32.240120	50.335300	0.712876
0.149669	-15.961671	231.408356	33.405254	53.964233	0.741928
0.151417	-15.811419	254.410660	28.612427	44.119205	0.650080
0.143455	-16.109840	283.202240	32.125042	63.916168	0.740424
0.154987	-16.075384	290.995209	32.659504	58.814255	0.651181
0.142513	-16.187325	252.140900	31.097139	42.923542	0.687986
0.144750	-15.920561	251.928192	29.748608	44.091614	0.693950
0.143262	-16.157330	213.672150	33.109650	56.389099	0.749920
0.160619	-15.886901	294.501282	33.427357	60.914665	0.649672
0.147335	-15.838654	237.169083	32.279247	62.149174	0.687729
0.141521	-16.042536	271.537079	31.483606	43.786274	0.715744
0.164099	-15.804183	274.710388	33.169559	55.313232	0.633236
0.147650	-16.153660	270.154053	31.377014	45.215454	0.734880
0.151911	-15.946253	213.945053	33.524200	69.396400	0.656057
0.159615	-16.161495	268.053345	33.239906	53.175495	0.740242
0.144839	-15.806604	200.510696	30.926771	48.119915	0.694790
0.152584	-15.905250	251.739563	30.749763	45.978584	0.672022
0.162050	-15.881799	276.027954	33.080467	65.317543	0.735514
0.165254	-16.120523	279.405884	32.818359	59.560768	0.614655
0.166986	-16.077209	294.677124	30.580236	48.541039	0.610541
0.146159	-15.887166	281.446259	32.981453	53.351780	0.719220
0.143778	-16.115332	290.946045	30.525177	41.172604	0.711653
0.162654	-16.027740	260.207458	29.589064	41.382961	0.659621
0.150367	-16.109341	241.265564	32.021854	48.305851	0.711811
0.167732	-15.850202	273.686615	31.987444	44.531231	0.722767
0.161658	-16.161230	240.182297	31.270096	58.654366	0.605820
0.159502	-16.059422	250.053131	32.227287	55.486862	0.695729
0.166373	-15.965642	246.944885	32.828480	58.013504	0.717041
0.140113	-15.902849	228.487701	30.498285	48.338310	0.709256
0.143405	-15.957893	263.186981	30.684803	42.636269	0.718557
0.161360	-16.122820	211.679672	32.834480	50.382507	0.712826
0.144024	-15.887985	263.941437	31.805159	53.606583	0.681658
0.164412	-15.971523	245.367081	32.890785	58.552147	0.678796
0.166911	-15.903133	265.167633	32.670959	51.196041	0.663346
0.152995	-16.106289	201.659943	29.789822	40.656292	0.689844
0.145211	-15.803713	296.954010	31.904261	57.444984	0.713293
0.154537	-16.074644	283.867340	31.812437	59.466873	0.674088
0.168385	-16.123636	201.519730	32.171844	56.183331	0.616749
0.150844	-15.854825	204.389267	29.542494	41.963337	0.681780
0.169008	-15.944698	204.396927	30.997940	43.536575	0.701767
0.150039	-15.965154	273.906647	32.289139	62.255356	0.737907
0.157079	-15.882465	230.104477	30.442451	48.763454	0.614678
0.154994	-15.990523	265.377960	31.788204	54.636215	0.657454
0.167960	-15.997432	243.753632	32.356224	53.890148	0.715480
0.158817	-16.060596	258.199188	33.041801	65.446999	0.706376
0.148560	-16.002293	231.777161	31.596384	44.499981	0.672003
0.154897	-15.867167	271.642303	28.923721	43.807526	0.704604
0.149243	-16.130657	250.815155	33.250206	51.706715	0.709441
0.163589	-16.169727	275.273987	31.108397	53.563457	0.659234
0.160788	-16.168739	291.905365	31.392569	43.666313	0.704373
0.166870	-15.937084	276.443878	31.688341	49.168720	0.627122
0.157396	-16.049921	210.148880	30.721968	46.727257	0.683776
0.159841	-15.976349	257.097137	32.955349	65.997955	0.669368
0.167735	-16.046162	280.303558	33.498463	54.544846	0.664017
0.149142	-15.880451	270.386841	31.329714	58.181248	0.667540
0.151897	-15.860098	269.792389	31.069330	45.337811	0.664086
0.152315	-16.114010	267.055450	31.567463	43.542664	0.679512
0.163041	-16.096832	269.586273	29.977638	42.066750	0.682183
0.141845	-15.979334	239.612000	30.789284	44.864952	0.684272
0.164690	-15.867057	270.646362	30.478998	46.656918	0.695107
0.148349	-16.103947	261.187073	32.424446	58.950119	0.685991
0.168029	-16.051313	227.397491	30.791193	52.335751	0.641393
0.163657	-15.985638	257.696930	29.927505	47.317837	0.698799
0.151042	-15.872450	275.225281	32.745544	60.160175	0.686746
0.152091	-15.876231	221.278290	30.595961	46.235085	0.749437
0.155965	-16.018332	233.071487	32.755959	61.930470	0.633514
0.155177	-15.979553	291.998596	33.117355	56.224113	0.642816
0.148941	-16.064775	228.123657	30.991444	44.682758	0.710391
0.169074	-16.049686	285.666290	32.422192	58.097527	0.654987
0.147195	-15.913877	253.444321	29.984657	46.981163	0.705263
0.156028	-16.005819	291.595795	31.615095	52.386829	0.673413
0.156305	-15.845557	216.225204	33.100288	60.209030	0.647880
0.167851	-15.977037	250.718491	32.746155	61.070137	0.671171
0.143264	-16.108501	247.524063	30.483658	45.637604	0.727844
0.155996	-16.011164	284.796204	31.030075	53.088375	0.662190
0.152540	-15.933278	251.880081	31.835062	44.532925	0.714232
0.169813	-16.188429	201.777725	33.088669	49.367416	0.654087
0.159694	-15.849738	272.940918	29.772816	41.938541	0.644558
0.164733	-15.975333	245.229919	32.269188	57.371803	0.709248
0.155161	-16.112213	268.457092	31.132763	47.852200	0.736764
0.145777	-15.810515	292.263977	33.023041	53.970451	0.749175
0.156495	-15.977974	290.152496	32.773914	52.335236	0.724692
0.166848	-15.989007	287.948578	33.493561	60.919281	0.617635
0.158355	-15.904885	272.756989	31.350172	51.325405	0.633381
0.155023	-15.853485	265.777283	31.380171	54.978848	0.645214
0.162881	-16.124851	266.138306	29.879913	43.971687	0.667961
0.166921	-16.095745	243.626022	33.395744	58.920399	0.726097
0.142432	-16.123129	247.899841	29.534599	41.841789	0.700384
0.155005	-16.098190	270.493500	32.916229	66.539001	0.721087
0.165877	-15.970857	255.177795	31.051819	46.120815	0.690105
0.153188	-15.823101	230.599518	29.046404	42.132858	0.695577
0.147088	-15.985459	296.079834	31.771458	51.851566	0.683683
0.141261	-16.132660	279.518951	31.755398	57.779739	0.743768
0.152692	-16.067078	250.685898	31.604132	46.908760	0.651538
0.148280	-15.856501	275.901581	33.580647	67.957497	0.740087
0.168974	-15.899301	285.584045	31.507181	58.735378	0.641526
0.167906	-15.843146	291.439972	32.796680	58.918282	0.659410
0.144593	-16.124510	278.686188	30.804808	44.446342	0.726979
0.149877	-15.928766	235.982269	31.716541	40.922733	0.742569
0.163935	-15.863937	277.167694	31.290962	46.817356	0.672923
0.155064	-15.845485	231.145905	33.228073	64.063805	0.709319
0.154216	-15.914689	262.229279	31.398106	51.507240	0.724019
0.142328	-16.198534	260.051270	31.408054	47.180550	0.699691
0.150760	-16.005575	261.563324	33.870296	59.161823	0.712045
0.142587	-16.029779	288.297943	29.767242	44.346630	0.713126
0.160426	-16.148144	275.945618	33.052204	62.769409	0.619201
0.168607	-15.967560	288.763245	31.507898	50.036243	0.625122
0.152356	-15.955690	266.704803	29.181345	42.647110	0.645442
0.151966	-15.890148	240.090057	32.359375	45.829735	0.742901
0.161250	-15.868221	255.926514	31.307362	50.438690	0.674128
0.160104	-16.171213	282.825531	31.797586	45.761826	0.688635
0.157300	-15.891140	267.126495	33.503216	69.573158	0.735576
0.153520	-15.929744	259.016998	33.975956	58.296486	0.635505
0.147413	-15.813441	246.675293	28.994604	45.220123	0.696035
0.150819	-15.828522	211.779724	29.980051	51.795776	0.636020
0.150970	-15.963550	229.190674	29.232363	41.625618	0.717943
0.152570	-16.103495	256.128418	33.255157	62.381557	0.686734
0.160895	-15.834753	202.280746	33.411224	61.959747	0.593002
0.167986	-15.983561	275.239471	32.489639	52.361382	0.703563
0.156621	-16.068125	297.658264	33.940491	62.771500	0.679061
0.146111	-15.971053	297.492737	30.262856	53.480492	0.699559
0.166270	-15.905047	298.601624	32.122555	54.437542	0.637422
0.153977	-15.936906	268.443207	32.020557	60.913212	0.653307
0.153986	-15.996651	219.671707	31.335625	47.604637	0.691228
0.158347	-16.061560	253.697784	33.908447	66.782143	0.652770
0.143925	-15.866577	284.287567	30.195589	49.597630	0.701564
0.143723	-16.006285	238.631241	31.140923	45.910465	0.687077
0.148324	-16.195126	267.625549	28.702650	40.840614	0.734058
0.153890	-15.932293	281.782654	31.857891	57.070820	0.654222
0.154743	-15.924000	287.935669	32.688210	55.828907	0.657504
0.166928	-16.146257	281.938538	33.203655	63.462635	0.677329
0.148082	-16.186827	271.730011	33.114059	65.580788	0.743794
0.155432	-15.998180	250.000824	32.114132	55.143459	0.670287
0.155399	-15.915450	256.997559	32.127457	47.840740	0.655894
0.168029	-15.829715	291.672882	32.331688	59.524738	0.644542
0.159784	-15.914426	299.334686	31.209431	53.506775	0.731615
0.140920	-15.932673	228.728821	30.524704	52.226784	0.700093
0.167567	-15.822203	280.099243	30.239325	49.906116	0.694179
0.143619	-16.186705	291.816620	30.058605	50.269257	0.702166
0.148043	-15.851558	261.805908	30.658005	51.768333	0.733603
0.153069	-16.149672	247.585861	32.497334	55.263660	0.740973
0.156233	-16.011042	204.199570	31.874031	59.935566	0.613744
0.154915	-16.131433	237.869644	31.527016	49.216816	0.688548
0.167766	-16.136795	220.889053	32.817028	49.699936	0.629397
0.142082	-15.937972	243.622818	31.179098	41.785648	0.719395
0.160158	-15.832645	206.689072	33.513081	64.183731	0.726836
0.147449	-15.940734	290.343994	32.922615	60.688343	0.695295
0.149853	-16.085581	298.430817	32.409336	61.592560	0.693664
0.157718	-15.886075	206.129166	32.412605	52.566536	0.682371
0.151536	-15.893332	272.616028	32.155659	51.461895	0.741279
0.153119	-15.900134	265.782471	30.835108	50.642040	0.644017
0.156695	-15.997697	253.812347	31.581755	49.378517	0.668748
0.159670	-15.886766	291.099915	31.648054	43.981346	0.731334
0.162195	-15.836596	279.782074	32.187775	47.372395	0.744262
0.145368	-15.912976	235.414352	28.962296	40.936981	0.717512
0.145121	-15.985871	243.351791	30.374233	45.415230	0.665492
0.167996	-15.966107	211.214905	33.019058	48.204861	0.684942
0.151613	-15.880226	223.260529	32.604374	62.442551	0.719925
0.145470	-16.098373	231.759979	32.004070	49.020721	0.733006
0.149377	-15.924129	275.489990	33.349949	66.937279	0.697379
0.166076	-16.150272	257.608734	31.060179	47.501125	0.732030
