#g_{\sigma}	 #g_{\omega}	 #g_{\rho}	 #b_{\sigma}	 #c_{\sigma}	 #\Lambda_{\omega}
9.462593	 9.938604	 10.096196	 0.006707	 -0.008168	 0.040371	
9.657484	 9.976829	 10.491256	 0.007387	 -0.008352	 0.030602	
9.598994	 10.312477	 10.224046	 0.005215	 -0.005670	 0.037270	
9.499030	 9.996295	 9.939206	 0.006532	 -0.007677	 0.035051	
9.609037	 10.242304	 10.437317	 0.005806	 -0.006846	 0.037401	
9.991303	 10.879621	 10.077127	 0.004694	 -0.005692	 0.025657	
9.991303	 10.879621	 10.077127	 0.004694	 -0.005692	 0.025657	
10.068455	 11.078067	 10.989796	 0.004332	 -0.005664	 0.035832	
9.710038	 10.568583	 9.858976	 0.004710	 -0.005490	 0.033183	
9.908777	 10.696793	 10.196614	 0.005169	 -0.006458	 0.030852	
10.135541	 11.182611	 10.618910	 0.004152	 -0.005300	 0.033827	
10.067305	 11.012794	 10.314368	 0.004343	 -0.004857	 0.024094	
9.832908	 10.455348	 10.310203	 0.005641	 -0.006079	 0.028269	
9.423284	 9.825077	 10.486920	 0.006523	 -0.005447	 0.033373	
9.385714	 9.832523	 10.134176	 0.006034	 -0.004554	 0.030833	
9.738094	 10.395502	 10.139961	 0.005726	 -0.006949	 0.036764	
9.840438	 10.771215	 10.178568	 0.004466	 -0.005348	 0.036134	
9.640241	 10.381128	 10.099080	 0.005285	 -0.006324	 0.036134	
9.437084	 9.829353	 10.100766	 0.006569	 -0.005850	 0.028377	
9.648202	 10.468753	 10.475696	 0.005005	 -0.006290	 0.040907	
9.987463	 10.860855	 10.298804	 0.004547	 -0.004821	 0.026464	
10.070307	 10.973015	 10.171255	 0.004552	 -0.005209	 0.023032	
9.506100	 9.997081	 10.218409	 0.005953	 -0.005072	 0.032637	
9.926813	 10.690896	 10.237803	 0.005034	 -0.005519	 0.028936	
9.549552	 10.159306	 10.025158	 0.005840	 -0.006893	 0.032790	
9.540135	 10.028246	 10.343222	 0.006210	 -0.006095	 0.034198	
10.126620	 11.061825	 10.348460	 0.004342	 -0.004600	 0.029711	
9.993388	 10.839555	 10.189150	 0.004907	 -0.006010	 0.026326	
10.112911	 11.064392	 10.759356	 0.004303	 -0.004769	 0.026955	
9.887640	 10.751445	 10.609813	 0.004658	 -0.005247	 0.033334	
9.771475	 10.311793	 10.501772	 0.006099	 -0.006556	 0.028166	
9.465758	 10.075312	 10.465626	 0.005586	 -0.005507	 0.034215	
9.483539	 10.157445	 9.860247	 0.005392	 -0.005884	 0.035310	
10.236180	 11.330302	 10.838082	 0.004059	 -0.005280	 0.035067	
9.363159	 9.860990	 10.021980	 0.005954	 -0.005221	 0.034879	
9.920571	 10.720927	 10.365540	 0.004862	 -0.005339	 0.030526	
9.768406	 10.346923	 10.300052	 0.005989	 -0.006892	 0.026920	
9.620006	 10.256065	 10.282848	 0.005859	 -0.007384	 0.038915	
10.109202	 10.893338	 10.564895	 0.005056	 -0.005847	 0.030446	
9.763283	 10.474129	 10.387805	 0.005331	 -0.006155	 0.031899	
9.415629	 9.934705	 10.088756	 0.005847	 -0.005223	 0.034466	
9.690892	 10.572478	 9.952252	 0.004710	 -0.005905	 0.041824	
9.739454	 10.137552	 10.424644	 0.006950	 -0.007794	 0.031710	
9.810872	 10.592924	 10.481141	 0.004812	 -0.004893	 0.026639	
9.921094	 10.892023	 10.152976	 0.004448	 -0.005738	 0.033405	
9.590325	 10.258315	 10.115824	 0.005311	 -0.005391	 0.028768	
9.811212	 10.712328	 10.717535	 0.004585	 -0.005581	 0.035888	
9.650950	 10.352525	 10.247428	 0.005377	 -0.006303	 0.037528	
9.524061	 10.280112	 10.332564	 0.005101	 -0.005912	 0.040654	
9.724759	 10.429481	 10.193566	 0.005410	 -0.006321	 0.036641	
9.774350	 10.678980	 9.929396	 0.004632	 -0.005894	 0.036470	
9.961055	 10.856955	 10.242124	 0.004703	 -0.005892	 0.033922	
9.896000	 10.901329	 10.126338	 0.004330	 -0.005635	 0.040464	
9.938596	 10.878344	 9.924715	 0.004599	 -0.005895	 0.027086	
9.613880	 10.237430	 10.067264	 0.005641	 -0.005958	 0.027015	
10.116782	 10.984675	 10.609651	 0.004668	 -0.005210	 0.027826	
9.840101	 10.606602	 10.150833	 0.005005	 -0.005302	 0.023217	
9.532275	 9.934603	 10.318722	 0.006769	 -0.006835	 0.030142	
9.671428	 10.517230	 9.864256	 0.004764	 -0.005820	 0.033714	
9.663597	 10.467929	 10.331488	 0.005041	 -0.006190	 0.038169	
10.014390	 11.058829	 10.075023	 0.004177	 -0.005351	 0.028585	
9.750563	 10.686238	 10.398496	 0.004556	 -0.005873	 0.042253	
9.539729	 10.218220	 9.931375	 0.005631	 -0.006937	 0.039267	
10.108211	 10.967352	 10.524189	 0.004780	 -0.005547	 0.029770	
9.986613	 11.016791	 10.292348	 0.004168	 -0.005295	 0.039367	
9.637512	 10.268203	 9.977888	 0.005844	 -0.007229	 0.031581	
9.957651	 10.947136	 10.164000	 0.004275	 -0.005290	 0.032009	
9.883068	 10.597014	 10.314640	 0.005499	 -0.006688	 0.030686	
9.810882	 10.513989	 10.510325	 0.005434	 -0.006417	 0.031380	
9.459660	 9.952756	 10.413790	 0.006099	 -0.005720	 0.031901	
9.637921	 10.319252	 10.024195	 0.005644	 -0.007037	 0.036442	
9.485628	 10.174207	 9.799321	 0.005438	 -0.006274	 0.038002	
9.516612	 10.132515	 10.040635	 0.005626	 -0.005718	 0.027705	
9.810940	 10.335143	 10.593196	 0.006316	 -0.007269	 0.029060	
9.479674	 10.047824	 10.191406	 0.005933	 -0.006607	 0.038977	
9.658685	 10.378664	 9.993553	 0.005356	 -0.006338	 0.039201	
9.461371	 10.093693	 10.236610	 0.005584	 -0.005870	 0.035429	
10.184471	 11.263209	 10.326443	 0.004121	 -0.005412	 0.028423	
9.787562	 10.736966	 9.822351	 0.004492	 -0.005717	 0.040338	
10.001678	 10.923583	 10.741739	 0.004599	 -0.005768	 0.034389	
9.453773	 9.862213	 10.197454	 0.006723	 -0.007078	 0.031400	
9.726758	 10.523807	 9.981850	 0.005108	 -0.006334	 0.039333	
9.987606	 10.585346	 10.844684	 0.005982	 -0.007070	 0.030016	
9.766463	 10.540810	 10.425469	 0.005035	 -0.005853	 0.031984	
9.983560	 10.940292	 10.523396	 0.004431	 -0.005536	 0.036271	
9.331421	 9.864526	 9.969590	 0.006022	 -0.006085	 0.034780	
10.056806	 10.730561	 10.431638	 0.005576	 -0.006535	 0.024544	
9.596959	 10.329736	 10.190824	 0.005083	 -0.005556	 0.034888	
10.059649	 11.041521	 10.112794	 0.004240	 -0.004934	 0.027420	
10.058006	 11.089601	 10.564218	 0.004186	 -0.005233	 0.030440	
9.397272	 9.881359	 10.102053	 0.006230	 -0.005960	 0.029398	
10.102610	 11.050849	 10.344675	 0.004318	 -0.004802	 0.022810	
9.602436	 10.130102	 10.376574	 0.005752	 -0.004840	 0.029541	
9.463342	 9.963893	 9.991285	 0.006452	 -0.007623	 0.039896	
9.855139	 10.620095	 10.859294	 0.005165	 -0.006165	 0.033738	
10.072751	 11.001574	 10.416912	 0.004421	 -0.004887	 0.029090	
9.948383	 10.758545	 10.590167	 0.004937	 -0.005815	 0.030794	
9.526057	 10.117328	 9.968223	 0.005733	 -0.005733	 0.034605	
9.471091	 10.036483	 10.258887	 0.005746	 -0.005503	 0.032016	
9.610776	 10.162855	 10.433793	 0.006056	 -0.006611	 0.033601	
9.590071	 10.309994	 10.339300	 0.005214	 -0.005938	 0.036128	
9.397240	 9.975255	 9.710726	 0.006112	 -0.007346	 0.034112	
9.392878	 9.912149	 9.999531	 0.006146	 -0.006325	 0.034384	
9.935187	 10.835750	 10.123195	 0.004647	 -0.005754	 0.032239	
9.797167	 10.701290	 10.586998	 0.004530	 -0.005479	 0.036996	
9.402024	 9.956340	 10.047020	 0.005883	 -0.006176	 0.035930	
9.578652	 10.046749	 10.236015	 0.006040	 -0.004666	 0.031039	
9.515792	 10.294547	 10.091650	 0.004988	 -0.005882	 0.037416	
9.382787	 9.947751	 10.135913	 0.006191	 -0.007523	 0.043334	
10.143565	 10.966025	 10.950543	 0.004974	 -0.005873	 0.029429	
9.822700	 10.424965	 10.319948	 0.005975	 -0.007198	 0.034383	
9.389507	 9.964305	 10.114231	 0.006130	 -0.007575	 0.043732	
9.687220	 9.999217	 10.566909	 0.007419	 -0.008481	 0.033226	
10.111813	 11.071384	 10.107149	 0.004498	 -0.005745	 0.024934	
9.499724	 10.226397	 9.822561	 0.005239	 -0.006141	 0.036731	
9.968416	 10.763139	 10.197037	 0.004928	 -0.005462	 0.022956	
9.748058	 10.652648	 10.011216	 0.004654	 -0.005851	 0.032866	
9.736912	 10.568810	 10.349524	 0.004920	 -0.006202	 0.037878	
9.657258	 10.130905	 10.506383	 0.006481	 -0.007238	 0.030844	
9.437465	 10.063765	 9.865891	 0.005592	 -0.006158	 0.039543	
10.100645	 11.007341	 10.986272	 0.004540	 -0.005170	 0.029498	
9.582871	 9.976102	 10.562523	 0.006951	 -0.007804	 0.033899	
9.917672	 10.820977	 10.620991	 0.004555	 -0.005272	 0.029226	
10.020870	 10.868368	 10.719757	 0.004831	 -0.005551	 0.030793	
9.618428	 10.456025	 9.928356	 0.004895	 -0.006062	 0.044225	
9.938149	 10.541722	 10.485071	 0.005878	 -0.006692	 0.030892	
9.873199	 10.847348	 10.198665	 0.004489	 -0.005904	 0.039110	
9.690948	 10.198810	 10.440827	 0.006331	 -0.007200	 0.029316	
9.620171	 10.032166	 10.298055	 0.006893	 -0.007974	 0.032519	
9.895120	 10.556488	 10.577856	 0.005648	 -0.006488	 0.031176	
9.856991	 10.570091	 10.652813	 0.005196	 -0.005535	 0.028788	
9.832957	 10.509097	 10.363125	 0.005123	 -0.004522	 0.027955	
9.701401	 10.324847	 10.197848	 0.005513	 -0.005260	 0.030173	
9.863497	 10.727749	 10.098540	 0.004767	 -0.005650	 0.035115	
9.764629	 10.384246	 10.619987	 0.005645	 -0.006037	 0.030370	
9.684844	 10.344898	 10.465770	 0.005383	 -0.005285	 0.028139	
10.256720	 11.375666	 10.233142	 0.003958	 -0.005096	 0.032910	
10.062339	 11.104341	 10.404612	 0.004132	 -0.005168	 0.036515	
9.806638	 10.475752	 10.451838	 0.005648	 -0.006739	 0.035678	
9.991303	 10.879621	 10.077127	 0.004694	 -0.005692	 0.025657	
10.068455	 11.078067	 10.989796	 0.004332	 -0.005664	 0.035832	
9.710038	 10.568583	 9.858976	 0.004710	 -0.005490	 0.033183	
9.908777	 10.696793	 10.196614	 0.005169	 -0.006458	 0.030852	
10.135541	 11.182611	 10.618910	 0.004152	 -0.005300	 0.033827	
10.067305	 11.012794	 10.314368	 0.004343	 -0.004857	 0.024094	
9.832908	 10.455348	 10.310203	 0.005641	 -0.006079	 0.028269	
9.423284	 9.825077	 10.486920	 0.006523	 -0.005447	 0.033373	
9.385714	 9.832523	 10.134176	 0.006034	 -0.004554	 0.030833	
9.738094	 10.395502	 10.139961	 0.005726	 -0.006949	 0.036764	
9.840438	 10.771215	 10.178568	 0.004466	 -0.005348	 0.036134	
9.640241	 10.381128	 10.099080	 0.005285	 -0.006324	 0.036134	
9.437084	 9.829353	 10.100766	 0.006569	 -0.005850	 0.028377	
9.648202	 10.468753	 10.475696	 0.005005	 -0.006290	 0.040907	
9.987463	 10.860855	 10.298804	 0.004547	 -0.004821	 0.026464	
10.070307	 10.973015	 10.171255	 0.004552	 -0.005209	 0.023032	
9.506100	 9.997081	 10.218409	 0.005953	 -0.005072	 0.032637	
9.926813	 10.690896	 10.237803	 0.005034	 -0.005519	 0.028936	
9.549552	 10.159306	 10.025158	 0.005840	 -0.006893	 0.032790	
9.540135	 10.028246	 10.343222	 0.006210	 -0.006095	 0.034198	
10.126620	 11.061825	 10.348460	 0.004342	 -0.004600	 0.029711	
9.993388	 10.839555	 10.189150	 0.004907	 -0.006010	 0.026326	
10.112911	 11.064392	 10.759356	 0.004303	 -0.004769	 0.026955	
9.887640	 10.751445	 10.609813	 0.004658	 -0.005247	 0.033334	
9.771475	 10.311793	 10.501772	 0.006099	 -0.006556	 0.028166	
9.465758	 10.075312	 10.465626	 0.005586	 -0.005507	 0.034215	
9.483539	 10.157445	 9.860247	 0.005392	 -0.005884	 0.035310	
10.236180	 11.330302	 10.838082	 0.004059	 -0.005280	 0.035067	
9.363159	 9.860990	 10.021980	 0.005954	 -0.005221	 0.034879	
9.920571	 10.720927	 10.365540	 0.004862	 -0.005339	 0.030526	
9.768406	 10.346923	 10.300052	 0.005989	 -0.006892	 0.026920	
9.620006	 10.256065	 10.282848	 0.005859	 -0.007384	 0.038915	
10.109202	 10.893338	 10.564895	 0.005056	 -0.005847	 0.030446	
9.763283	 10.474129	 10.387805	 0.005331	 -0.006155	 0.031899	
9.415629	 9.934705	 10.088756	 0.005847	 -0.005223	 0.034466	
9.690892	 10.572478	 9.952252	 0.004710	 -0.005905	 0.041824	
9.739454	 10.137552	 10.424644	 0.006950	 -0.007794	 0.031710	
9.810872	 10.592924	 10.481141	 0.004812	 -0.004893	 0.026639	
9.921094	 10.892023	 10.152976	 0.004448	 -0.005738	 0.033405	
9.590325	 10.258315	 10.115824	 0.005311	 -0.005391	 0.028768	
9.811212	 10.712328	 10.717535	 0.004585	 -0.005581	 0.035888	
9.650950	 10.352525	 10.247428	 0.005377	 -0.006303	 0.037528	
9.524061	 10.280112	 10.332564	 0.005101	 -0.005912	 0.040654	
9.724759	 10.429481	 10.193566	 0.005410	 -0.006321	 0.036641	
9.774350	 10.678980	 9.929396	 0.004632	 -0.005894	 0.036470	
9.961055	 10.856955	 10.242124	 0.004703	 -0.005892	 0.033922	
9.896000	 10.901329	 10.126338	 0.004330	 -0.005635	 0.040464	
9.938596	 10.878344	 9.924715	 0.004599	 -0.005895	 0.027086	
9.613880	 10.237430	 10.067264	 0.005641	 -0.005958	 0.027015	
10.116782	 10.984675	 10.609651	 0.004668	 -0.005210	 0.027826	
9.840101	 10.606602	 10.150833	 0.005005	 -0.005302	 0.023217	
9.532275	 9.934603	 10.318722	 0.006769	 -0.006835	 0.030142	
9.671428	 10.517230	 9.864256	 0.004764	 -0.005820	 0.033714	
9.663597	 10.467929	 10.331488	 0.005041	 -0.006190	 0.038169	
10.014390	 11.058829	 10.075023	 0.004177	 -0.005351	 0.028585	
9.750563	 10.686238	 10.398496	 0.004556	 -0.005873	 0.042253	
9.539729	 10.218220	 9.931375	 0.005631	 -0.006937	 0.039267	
10.108211	 10.967352	 10.524189	 0.004780	 -0.005547	 0.029770	
9.986613	 11.016791	 10.292348	 0.004168	 -0.005295	 0.039367	
9.637512	 10.268203	 9.977888	 0.005844	 -0.007229	 0.031581	
9.957651	 10.947136	 10.164000	 0.004275	 -0.005290	 0.032009	
9.883068	 10.597014	 10.314640	 0.005499	 -0.006688	 0.030686	
9.810882	 10.513989	 10.510325	 0.005434	 -0.006417	 0.031380	
9.459660	 9.952756	 10.413790	 0.006099	 -0.005720	 0.031901	
9.637921	 10.319252	 10.024195	 0.005644	 -0.007037	 0.036442	
9.485628	 10.174207	 9.799321	 0.005438	 -0.006274	 0.038002	
9.516612	 10.132515	 10.040635	 0.005626	 -0.005718	 0.027705	
9.810940	 10.335143	 10.593196	 0.006316	 -0.007269	 0.029060	
9.479674	 10.047824	 10.191406	 0.005933	 -0.006607	 0.038977	
9.658685	 10.378664	 9.993553	 0.005356	 -0.006338	 0.039201	
9.461371	 10.093693	 10.236610	 0.005584	 -0.005870	 0.035429	
10.184471	 11.263209	 10.326443	 0.004121	 -0.005412	 0.028423	
10.110491	 11.150131	 10.889292	 0.004178	 -0.005345	 0.035747	
9.975113	 10.640388	 10.390017	 0.005644	 -0.006624	 0.029693	
10.298028	 11.367121	 10.384898	 0.004140	 -0.005344	 0.031850	
9.735962	 10.349039	 10.424382	 0.005541	 -0.005076	 0.030467	
9.922096	 10.607041	 10.470283	 0.005628	 -0.006754	 0.031736	
9.888586	 10.744901	 10.570680	 0.004754	 -0.005487	 0.034179	
9.729022	 10.257650	 10.374305	 0.006186	 -0.006692	 0.032773	
10.026133	 10.950385	 10.262805	 0.004453	 -0.005210	 0.026960	
9.652217	 10.414455	 10.437243	 0.005104	 -0.005843	 0.035627	
9.713176	 10.607334	 9.987525	 0.004611	 -0.005613	 0.032164	
9.717071	 10.171498	 10.208747	 0.006629	 -0.007432	 0.025397	
9.842797	 10.660957	 10.652373	 0.004998	 -0.006025	 0.035120	
9.521125	 10.220498	 10.127795	 0.005476	 -0.006785	 0.041907	
9.722283	 10.283752	 10.141172	 0.006060	 -0.006707	 0.028188	
9.539496	 10.165782	 10.212183	 0.005840	 -0.007081	 0.038261	
9.804394	 10.383369	 10.529634	 0.005894	 -0.006396	 0.031809	
10.070923	 11.139223	 10.371408	 0.004158	 -0.005476	 0.034939	
9.820835	 10.629160	 10.715185	 0.004888	 -0.005597	 0.032253	
9.985497	 10.983889	 9.979889	 0.004398	 -0.005714	 0.036507	
9.519287	 10.137278	 9.946282	 0.005718	 -0.006520	 0.035084	
9.572697	 10.156849	 10.220182	 0.005545	 -0.004963	 0.027430	
9.811337	 10.759023	 9.920066	 0.004509	 -0.005809	 0.031953	
9.728380	 10.518990	 10.231314	 0.005005	 -0.005993	 0.032906	
10.226140	 11.308213	 10.679639	 0.004045	 -0.005162	 0.033016	
9.766474	 10.474164	 10.320434	 0.005385	 -0.006314	 0.036095	
9.479623	 10.024578	 9.987532	 0.006023	 -0.006512	 0.029944	
9.412915	 9.976772	 9.974957	 0.006188	 -0.007673	 0.043583	
9.819283	 10.632807	 10.086479	 0.005070	 -0.006397	 0.030804	
9.678398	 10.378680	 10.242812	 0.005419	 -0.006323	 0.037342	
9.771452	 10.469530	 10.003898	 0.005487	 -0.006375	 0.025956	
9.635834	 10.277525	 10.117749	 0.005695	 -0.006625	 0.034595	
9.556461	 10.159493	 10.293545	 0.005844	 -0.006704	 0.036702	
9.404973	 9.979044	 10.290585	 0.006025	 -0.006861	 0.038718	
10.389630	 11.504076	 10.190830	 0.003999	 -0.005182	 0.024044	
9.754900	 10.398845	 10.512069	 0.005604	 -0.005979	 0.029889	
9.787562	 10.736966	 9.822351	 0.004492	 -0.005717	 0.040338	
10.001678	 10.923583	 10.741739	 0.004599	 -0.005768	 0.034389	
9.453773	 9.862213	 10.197454	 0.006723	 -0.007078	 0.031400	
9.726758	 10.523807	 9.981850	 0.005108	 -0.006334	 0.039333	
9.987606	 10.585346	 10.844684	 0.005982	 -0.007070	 0.030016	
9.766463	 10.540810	 10.425469	 0.005035	 -0.005853	 0.031984	
9.983560	 10.940292	 10.523396	 0.004431	 -0.005536	 0.036271	
9.331421	 9.864526	 9.969590	 0.006022	 -0.006085	 0.034780	
10.056806	 10.730561	 10.431638	 0.005576	 -0.006535	 0.024544	
9.596959	 10.329736	 10.190824	 0.005083	 -0.005556	 0.034888	
10.059649	 11.041521	 10.112794	 0.004240	 -0.004934	 0.027420	
10.058006	 11.089601	 10.564218	 0.004186	 -0.005233	 0.030440	
9.397272	 9.881359	 10.102053	 0.006230	 -0.005960	 0.029398	
10.102610	 11.050849	 10.344675	 0.004318	 -0.004802	 0.022810	
9.397240	 9.975255	 9.710726	 0.006112	 -0.007346	 0.034112	
9.392878	 9.912149	 9.999531	 0.006146	 -0.006325	 0.034384	
9.935187	 10.835750	 10.123195	 0.004647	 -0.005754	 0.032239	
9.797167	 10.701290	 10.586998	 0.004530	 -0.005479	 0.036996	
9.402024	 9.956340	 10.047020	 0.005883	 -0.006176	 0.035930	
9.578652	 10.046749	 10.236015	 0.006040	 -0.004666	 0.031039	
9.515792	 10.294547	 10.091650	 0.004988	 -0.005882	 0.037416	
9.382787	 9.947751	 10.135913	 0.006191	 -0.007523	 0.043334	
10.143565	 10.966025	 10.950543	 0.004974	 -0.005873	 0.029429	
9.822700	 10.424965	 10.319948	 0.005975	 -0.007198	 0.034383	
9.389507	 9.964305	 10.114231	 0.006130	 -0.007575	 0.043732	
9.687220	 9.999217	 10.566909	 0.007419	 -0.008481	 0.033226	
10.111813	 11.071384	 10.107149	 0.004498	 -0.005745	 0.024934	
9.499724	 10.226397	 9.822561	 0.005239	 -0.006141	 0.036731	
9.968416	 10.763139	 10.197037	 0.004928	 -0.005462	 0.022956	
9.748058	 10.652648	 10.011216	 0.004654	 -0.005851	 0.032866	
9.736912	 10.568810	 10.349524	 0.004920	 -0.006202	 0.037878	
9.657258	 10.130905	 10.506383	 0.006481	 -0.007238	 0.030844	
9.437465	 10.063765	 9.865891	 0.005592	 -0.006158	 0.039543	
9.701283	 10.410165	 10.072270	 0.005517	 -0.006825	 0.041823	
10.100645	 11.007341	 10.986272	 0.004540	 -0.005170	 0.029498	
9.582871	 9.976102	 10.562523	 0.006951	 -0.007804	 0.033899	
9.917672	 10.820977	 10.620991	 0.004555	 -0.005272	 0.029226	
10.020870	 10.868368	 10.719757	 0.004831	 -0.005551	 0.030793	
9.618428	 10.456025	 9.928356	 0.004895	 -0.006062	 0.044225	
9.938149	 10.541722	 10.485071	 0.005878	 -0.006692	 0.030892	
9.873199	 10.847348	 10.198665	 0.004489	 -0.005904	 0.039110	
9.690948	 10.198810	 10.440827	 0.006331	 -0.007200	 0.029316	
9.620171	 10.032166	 10.298055	 0.006893	 -0.007974	 0.032519	
9.895120	 10.556488	 10.577856	 0.005648	 -0.006488	 0.031176	
9.856991	 10.570091	 10.652813	 0.005196	 -0.005535	 0.028788	
9.603318	 10.364264	 10.447145	 0.005159	 -0.006093	 0.037850	
9.832957	 10.509097	 10.363125	 0.005123	 -0.004522	 0.027955	
9.701401	 10.324847	 10.197848	 0.005513	 -0.005260	 0.030173	
9.863497	 10.727749	 10.098540	 0.004767	 -0.005650	 0.035115	
9.764629	 10.384246	 10.619987	 0.005645	 -0.006037	 0.030370	
9.684844	 10.344898	 10.465770	 0.005383	 -0.005285	 0.028139	
10.256720	 11.375666	 10.233142	 0.003958	 -0.005096	 0.032910	
10.062339	 11.104341	 10.404612	 0.004132	 -0.005168	 0.036515	
9.806638	 10.475752	 10.451838	 0.005648	 -0.006739	 0.035678	
9.553037	 10.080594	 10.092926	 0.005825	 -0.005154	 0.025438	
9.654759	 10.294846	 10.033125	 0.005656	 -0.006291	 0.031185	
9.714172	 10.593513	 10.269108	 0.004727	 -0.005938	 0.040438	
10.032477	 10.982968	 10.130718	 0.004543	 -0.005744	 0.026241	
9.399607	 9.839661	 10.072189	 0.006360	 -0.005848	 0.031613	
9.681345	 10.521240	 9.954199	 0.004801	 -0.005648	 0.032524	
9.549015	 10.249015	 10.071460	 0.005375	 -0.006072	 0.037655	
9.554139	 10.263805	 10.285160	 0.005404	 -0.006443	 0.036954	
9.786413	 10.273108	 10.677068	 0.006519	 -0.007726	 0.030188	
9.376532	 9.863981	 10.005913	 0.006339	 -0.006840	 0.033486	
9.769241	 10.387844	 10.398108	 0.005549	 -0.005546	 0.026969	
9.489948	 9.886358	 10.190382	 0.006811	 -0.007032	 0.031620	
9.748707	 10.669616	 10.621477	 0.004564	 -0.005804	 0.040239	
9.678915	 10.156741	 10.353460	 0.006542	 -0.007431	 0.027111	
9.452293	 10.056036	 10.117387	 0.005918	 -0.006916	 0.037019	
9.718134	 10.560833	 9.975442	 0.004913	 -0.006264	 0.041916	
10.197911	 11.142662	 10.194809	 0.004409	 -0.005019	 0.021518	
10.016716	 10.840202	 10.463090	 0.004946	 -0.005951	 0.028182	
9.913363	 10.769358	 10.422729	 0.004847	 -0.005853	 0.029579	
9.390265	 9.848477	 10.230813	 0.006178	 -0.005313	 0.030648	
9.480418	 10.002429	 10.308137	 0.005975	 -0.005706	 0.032297	
9.484208	 9.907930	 10.387960	 0.006564	 -0.006501	 0.031771	
9.912388	 10.849557	 9.985929	 0.004451	 -0.005291	 0.032386	
9.516728	 10.112845	 10.390521	 0.005775	 -0.006090	 0.034006	
9.680925	 10.435658	 10.222036	 0.005336	 -0.006897	 0.040756	
9.506467	 10.031579	 10.100798	 0.006268	 -0.007097	 0.038318	
9.780808	 10.627125	 10.023352	 0.004803	 -0.005817	 0.029606	
10.306071	 11.436689	 10.735485	 0.003966	 -0.005175	 0.031339	
9.813668	 10.672119	 10.332582	 0.004915	 -0.006288	 0.040317	
9.864287	 10.644030	 10.129711	 0.005200	 -0.006307	 0.034034	
10.008514	 10.892908	 10.927308	 0.004786	 -0.005890	 0.031030	
9.575047	 10.147544	 10.324681	 0.006106	 -0.007254	 0.038247	
9.674817	 10.411643	 10.199913	 0.005115	 -0.005418	 0.027063	
10.131944	 11.142430	 11.066111	 0.004169	 -0.004882	 0.030916	
9.667018	 10.187608	 10.200094	 0.006369	 -0.007497	 0.034418	
9.973397	 10.954742	 10.265994	 0.004360	 -0.005443	 0.034421	
9.450600	 10.143295	 10.103710	 0.005314	 -0.005941	 0.037117	
9.873294	 10.673563	 9.961098	 0.005123	 -0.006389	 0.027031	
9.754650	 10.323390	 10.104213	 0.005990	 -0.006494	 0.024317	
9.846796	 10.619759	 10.170521	 0.005063	 -0.005887	 0.026949	
10.346713	 11.466525	 10.382752	 0.003952	 -0.005092	 0.029475	
9.766373	 10.578410	 10.251187	 0.005081	 -0.006455	 0.034592	
9.994024	 10.992582	 10.263309	 0.004328	 -0.005497	 0.031375	
9.430077	 9.990065	 10.193065	 0.006014	 -0.006851	 0.038695	
9.742342	 10.489260	 10.133799	 0.005207	 -0.006084	 0.028257	
9.798937	 10.594641	 10.092871	 0.004972	 -0.005783	 0.033860	
9.510953	 10.066052	 10.376819	 0.005739	 -0.005020	 0.028790	
9.509680	 10.208496	 9.733865	 0.005293	 -0.005755	 0.030609	
10.347567	 11.450919	 10.815086	 0.004032	 -0.005257	 0.033234	
9.318471	 9.910021	 10.085615	 0.005746	 -0.006181	 0.040323	
9.927958	 10.719832	 10.363787	 0.004876	 -0.005219	 0.025744	
9.871595	 10.519082	 10.337867	 0.005622	 -0.006388	 0.033346	
9.493823	 9.935779	 10.174106	 0.006674	 -0.007181	 0.035373	
9.643045	 10.387643	 10.065077	 0.005262	 -0.006348	 0.036761	
9.381753	 9.875285	 10.107275	 0.006610	 -0.008190	 0.040540	
9.673861	 10.343140	 10.096038	 0.005596	 -0.006624	 0.031183	
9.930506	 10.926514	 10.139004	 0.004329	 -0.005659	 0.038932	
10.288384	 11.424065	 10.141139	 0.003925	 -0.005086	 0.026251	
9.322434	 9.833565	 10.027546	 0.006466	 -0.007836	 0.041628	
9.556458	 9.966125	 10.211058	 0.006890	 -0.007818	 0.035298	
9.964258	 10.822973	 10.135826	 0.004634	 -0.005000	 0.023522	
9.897653	 10.819308	 10.661917	 0.004662	 -0.006094	 0.039921	
9.756619	 10.415594	 10.230863	 0.005722	 -0.006936	 0.036095	
9.815329	 10.594829	 9.983182	 0.005098	 -0.006095	 0.025840	
9.899160	 10.882959	 10.060377	 0.004311	 -0.005449	 0.033331	
9.724636	 10.552749	 10.133247	 0.004831	 -0.005742	 0.034384	
9.837692	 10.709552	 10.073364	 0.004648	 -0.005431	 0.034885	
9.864344	 10.509341	 10.415400	 0.005710	 -0.006634	 0.028911	
10.110930	 11.113208	 10.244794	 0.004321	 -0.005506	 0.034199	
9.679592	 10.231771	 10.589148	 0.006185	 -0.007081	 0.032371	
9.550107	 10.265608	 9.919962	 0.005495	 -0.006985	 0.038175	
10.096128	 11.142730	 10.203834	 0.004109	 -0.005185	 0.029003	
9.796718	 10.734165	 10.255237	 0.004546	 -0.005847	 0.040371	
9.724002	 10.480572	 10.037931	 0.005150	 -0.006052	 0.028958	
10.061851	 10.773837	 10.526213	 0.005342	 -0.006094	 0.029690	
10.037502	 10.997727	 10.258152	 0.004312	 -0.005039	 0.034638	
9.516611	 10.184181	 10.391707	 0.005419	 -0.005852	 0.036646	
9.489065	 10.149333	 10.013018	 0.005494	 -0.006149	 0.033931	
9.587178	 10.061007	 10.495417	 0.006645	 -0.008032	 0.037234	
9.908698	 10.837603	 9.960239	 0.004599	 -0.005854	 0.035172	
9.448109	 10.085506	 9.956956	 0.005789	 -0.006959	 0.038240	
9.888279	 10.798511	 10.388768	 0.004603	 -0.005784	 0.035234	
9.807554	 10.691437	 10.107257	 0.004748	 -0.005939	 0.035996	
10.261266	 11.369985	 10.286217	 0.004007	 -0.005230	 0.026166	
9.595624	 10.105182	 10.145769	 0.006040	 -0.005856	 0.025016	
9.686724	 10.297987	 10.116724	 0.005624	 -0.005479	 0.029549	
9.718397	 10.366598	 10.230679	 0.005731	 -0.006753	 0.029988	
9.958052	 10.875361	 10.343040	 0.004500	 -0.005331	 0.031916	
9.907777	 10.673819	 10.538407	 0.004878	 -0.004629	 0.028408	
10.001912	 10.894121	 10.407058	 0.004602	 -0.005440	 0.030619	
9.552383	 9.946504	 10.321582	 0.007041	 -0.007968	 0.030544	
9.734949	 10.451538	 10.066399	 0.005182	 -0.005519	 0.023608	
9.605115	 10.270302	 10.452738	 0.005231	 -0.005067	 0.031698	
9.967656	 10.602440	 10.589064	 0.005832	 -0.007008	 0.030103	
9.764574	 10.413325	 10.452791	 0.005825	 -0.007086	 0.035888	
9.419494	 9.925329	 10.009398	 0.006524	 -0.008081	 0.040476	
9.587663	 10.401234	 9.947016	 0.004988	 -0.006171	 0.035087	
9.674331	 10.396612	 10.075733	 0.005475	 -0.006966	 0.040356	
9.702550	 10.331504	 10.248031	 0.005542	 -0.005659	 0.031419	
9.935697	 10.717066	 10.803934	 0.005152	 -0.006309	 0.033024	
9.950568	 10.725452	 10.271982	 0.005116	 -0.005966	 0.031384	
9.554693	 10.135754	 10.180860	 0.005956	 -0.006654	 0.032440	
9.467800	 9.974710	 10.126493	 0.005981	 -0.005348	 0.032987	
9.399865	 9.872546	 10.064042	 0.005955	 -0.004590	 0.031569	
9.813494	 10.705829	 10.331882	 0.004574	 -0.005439	 0.037763	
10.082315	 11.032760	 10.159450	 0.004534	 -0.005782	 0.029268	
9.647342	 10.199412	 10.296368	 0.006117	 -0.007027	 0.033274	
9.901933	 10.548995	 10.270018	 0.005791	 -0.006872	 0.027661	
9.833263	 10.570408	 10.230847	 0.005373	 -0.006565	 0.034556	
9.606954	 10.262459	 10.393238	 0.005659	 -0.006630	 0.035175	
10.103858	 11.103154	 10.475732	 0.004399	 -0.005640	 0.036544	
9.788702	 10.403335	 10.786714	 0.005953	 -0.007092	 0.032675	
10.044442	 11.086780	 10.747225	 0.004142	 -0.005165	 0.032856	
9.492997	 9.904452	 10.039870	 0.006705	 -0.006775	 0.027654	
9.800704	 10.695305	 10.308847	 0.004652	 -0.005648	 0.038054	
9.928038	 10.577152	 10.575989	 0.005749	 -0.006906	 0.027267	
9.887697	 10.644389	 10.378704	 0.005291	 -0.006498	 0.030553	
9.459303	 9.964841	 10.150546	 0.005948	 -0.004983	 0.031507	
10.204963	 11.207363	 11.135769	 0.004355	 -0.005582	 0.031848	
9.605658	 10.196603	 10.034706	 0.006062	 -0.007232	 0.038053	
9.844670	 10.623822	 10.232711	 0.004987	 -0.005570	 0.031795	
9.767642	 10.490018	 10.452429	 0.005173	 -0.005515	 0.027420	
9.810952	 10.348784	 10.350232	 0.006235	 -0.007176	 0.032993	
9.696918	 10.610510	 9.998557	 0.004569	 -0.005751	 0.038894	
9.584526	 10.126655	 10.431813	 0.006364	 -0.007747	 0.036059	
9.949009	 10.764298	 10.093709	 0.004903	 -0.005612	 0.022398	
9.730661	 10.603510	 10.023755	 0.004700	 -0.005663	 0.031460	
9.695503	 10.262035	 10.737169	 0.006101	 -0.007004	 0.033295	
10.132645	 11.191607	 10.666871	 0.004092	 -0.005189	 0.035565	
9.921635	 10.741507	 10.075704	 0.004804	 -0.005132	 0.025823	
9.696577	 10.506816	 10.216485	 0.004958	 -0.006058	 0.042096	
9.498047	 9.966659	 10.347821	 0.005993	 -0.004794	 0.032278	
9.640917	 10.262104	 10.093671	 0.005877	 -0.007116	 0.036690	
9.446725	 10.184217	 9.953585	 0.005142	 -0.006004	 0.041240	
9.849853	 10.722126	 9.958522	 0.004654	 -0.005477	 0.029908	
9.807544	 10.412112	 10.377556	 0.005946	 -0.006914	 0.027575	
9.725034	 10.376259	 10.279561	 0.005673	 -0.006479	 0.027727	
9.895503	 10.700340	 10.227362	 0.004966	 -0.005904	 0.026619	
10.020008	 10.976742	 10.071197	 0.004493	 -0.005759	 0.027378	
9.844671	 10.798677	 9.927154	 0.004426	 -0.005435	 0.033450	
9.466751	 9.970183	 9.906150	 0.006504	 -0.007788	 0.032052	
10.030596	 10.749504	 10.420501	 0.005437	 -0.006576	 0.025710	
9.599426	 10.335261	 10.079231	 0.005248	 -0.006207	 0.039994	
9.695202	 10.382808	 10.113998	 0.005520	 -0.006496	 0.032911	
9.736161	 10.555617	 10.652787	 0.004876	 -0.005676	 0.034881	
9.461959	 10.211182	 9.916213	 0.005140	 -0.006095	 0.041915	
9.767321	 10.328868	 10.481474	 0.006161	 -0.007331	 0.029996	
10.002896	 10.936967	 10.247249	 0.004414	 -0.005128	 0.030231	
9.485600	 10.168964	 9.972778	 0.005363	 -0.006082	 0.035229	
9.548257	 10.303091	 9.781862	 0.005124	 -0.005973	 0.035441	
9.808919	 10.751826	 9.718445	 0.004550	 -0.005907	 0.030157	
9.973582	 10.889439	 10.129965	 0.004522	 -0.005234	 0.028250	
9.561611	 10.001443	 10.270698	 0.006306	 -0.005548	 0.028043	
9.708948	 10.616620	 9.938220	 0.004661	 -0.005973	 0.046651	
9.940824	 10.669935	 10.245968	 0.005235	 -0.005776	 0.023293	
9.558111	 10.345924	 10.004209	 0.005051	 -0.006096	 0.039582	
9.917627	 10.873082	 9.981926	 0.004407	 -0.005417	 0.026535	
9.975857	 10.699992	 10.452286	 0.005286	 -0.006016	 0.032544	
9.413295	 10.000710	 10.010371	 0.005929	 -0.006993	 0.039221	
9.647324	 10.183007	 10.255479	 0.006218	 -0.007028	 0.027842	
9.697079	 10.498975	 10.222885	 0.004981	 -0.005951	 0.036907	
9.570403	 10.045120	 10.395289	 0.006001	 -0.004710	 0.031030	
9.877289	 10.565941	 10.158439	 0.005539	 -0.006421	 0.026230	
9.716735	 10.277829	 10.556140	 0.005869	 -0.005645	 0.030369	
10.054289	 10.913519	 10.677060	 0.004827	 -0.005738	 0.028165	
9.636199	 10.288542	 10.171262	 0.005385	 -0.005163	 0.026365	
9.989743	 11.006916	 9.744861	 0.004269	 -0.005427	 0.024504	
9.820759	 10.513981	 10.277736	 0.005368	 -0.005890	 0.032746	
9.409014	 9.982809	 10.035300	 0.005876	 -0.006425	 0.036841	
9.613146	 10.341677	 10.162700	 0.005321	 -0.006246	 0.032870	
10.147095	 11.200381	 10.085131	 0.004109	 -0.005216	 0.025170	
9.901677	 10.882157	 10.416904	 0.004446	 -0.005850	 0.041358	
9.477394	 10.137309	 10.047763	 0.005379	 -0.005494	 0.035103	
9.851314	 10.719965	 10.160519	 0.004850	 -0.006178	 0.037968	
10.283921	 11.410411	 10.368695	 0.003977	 -0.005179	 0.026801	
9.818752	 10.645466	 10.195874	 0.004712	 -0.005155	 0.030664	
9.772485	 10.304117	 10.245416	 0.006267	 -0.007416	 0.028159	
9.924380	 10.679128	 10.234979	 0.005309	 -0.006478	 0.024498	
9.593662	 10.360899	 10.165780	 0.005088	 -0.006015	 0.036633	
9.934000	 10.765990	 10.602412	 0.004850	 -0.005654	 0.029987	
9.568256	 10.061571	 10.290625	 0.006228	 -0.006352	 0.028702	
9.756526	 10.661726	 10.259537	 0.004564	 -0.005665	 0.036634	
9.930201	 10.809052	 10.761169	 0.004611	 -0.005260	 0.030677	
9.446279	 9.930526	 9.978211	 0.006629	 -0.007999	 0.041648	
9.742068	 10.601636	 10.320092	 0.004685	 -0.005394	 0.034707	
9.819449	 10.764591	 10.609581	 0.004572	 -0.005944	 0.039528	
10.010810	 11.005688	 10.172303	 0.004403	 -0.005756	 0.038183	
9.919283	 10.858349	 10.554927	 0.004550	 -0.005762	 0.037516	
9.579731	 10.320682	 9.906305	 0.005133	 -0.005779	 0.031723	
9.589089	 10.091639	 10.295631	 0.006154	 -0.006037	 0.031897	
10.009591	 10.642891	 10.338367	 0.005834	 -0.006959	 0.024710	
9.616288	 10.381099	 10.202267	 0.005287	 -0.006730	 0.043304	
9.752105	 10.439164	 10.200863	 0.005152	 -0.004886	 0.029987	
9.562223	 10.189691	 10.312523	 0.005569	 -0.005718	 0.034518	
9.829711	 10.649214	 10.824683	 0.004881	 -0.005791	 0.034987	
9.723243	 10.348322	 10.367639	 0.005814	 -0.006738	 0.033255	
9.878267	 10.609501	 10.407734	 0.005206	 -0.005766	 0.027302	
10.006614	 11.014931	 10.697178	 0.004296	 -0.005591	 0.035549	
9.957051	 10.801509	 10.050038	 0.004862	 -0.005827	 0.026827	
9.800243	 10.608710	 10.069254	 0.004839	 -0.005448	 0.026693	
9.599026	 10.030937	 10.244095	 0.006833	 -0.008031	 0.031663	
10.027533	 11.037400	 10.115194	 0.004331	 -0.005608	 0.031300	
9.418805	 9.900831	 10.051109	 0.006261	 -0.006488	 0.032643	
9.688415	 10.381933	 10.062168	 0.005586	 -0.006830	 0.029222	
9.705979	 10.410267	 10.476174	 0.005192	 -0.005135	 0.027823	
9.947376	 10.891664	 10.241687	 0.004401	 -0.005157	 0.025950	
10.039190	 10.982327	 10.351190	 0.004359	 -0.005031	 0.024246	
9.726141	 10.431885	 10.724417	 0.005265	 -0.005767	 0.032920	
9.903491	 10.589264	 10.570555	 0.005313	 -0.005518	 0.030597	
10.195021	 11.110994	 10.712103	 0.004563	 -0.005208	 0.027509	
10.062967	 10.823640	 10.348494	 0.005214	 -0.006088	 0.027483	
9.336999	 10.003229	 9.725932	 0.005432	 -0.006111	 0.040513	
9.718340	 10.560833	 9.786692	 0.004831	 -0.005857	 0.031139	
10.076450	 10.920673	 10.389277	 0.004808	 -0.005443	 0.026307	
9.847857	 10.490562	 10.214561	 0.005747	 -0.006796	 0.025407	
9.683711	 10.339504	 10.302576	 0.005749	 -0.007124	 0.037478	
9.848494	 10.630867	 10.438020	 0.005160	 -0.006288	 0.031798	
9.629475	 10.005523	 10.401634	 0.006760	 -0.006560	 0.030675	
10.241571	 11.325546	 10.764893	 0.004077	 -0.005318	 0.030026	
9.503802	 10.005366	 10.115082	 0.005932	 -0.004805	 0.032406	
9.610621	 10.199253	 10.063245	 0.005884	 -0.006364	 0.033812	
9.376751	 9.893866	 9.821719	 0.006024	 -0.005841	 0.029161	
9.707165	 10.292861	 10.455190	 0.005735	 -0.005501	 0.029416	
9.972229	 10.716423	 10.572629	 0.005216	 -0.005992	 0.025802	
9.398737	 9.959153	 9.804205	 0.006222	 -0.007661	 0.036668	
10.041579	 11.023017	 10.230629	 0.004416	 -0.005733	 0.034783	
9.921419	 10.860890	 10.369815	 0.004503	 -0.005621	 0.033722	
9.846402	 10.751394	 10.734130	 0.004734	 -0.006184	 0.039701	
9.749930	 10.390103	 10.226911	 0.005813	 -0.007204	 0.030771	
9.727847	 10.384368	 10.199113	 0.005367	 -0.005150	 0.029422	
9.641612	 10.466559	 9.862241	 0.004960	 -0.006234	 0.036803	
9.792585	 10.524634	 10.526153	 0.005232	 -0.005857	 0.028394	
9.756266	 10.391502	 10.306296	 0.005811	 -0.007093	 0.032379	
9.828877	 10.592024	 10.466424	 0.005260	 -0.006349	 0.033836	
9.836856	 10.756742	 10.079201	 0.004653	 -0.005969	 0.030901	
9.521347	 9.999535	 10.340130	 0.006107	 -0.005283	 0.032379	
9.719268	 10.496233	 10.117294	 0.005228	 -0.006714	 0.040055	
9.833490	 10.735112	 10.016794	 0.004708	 -0.006118	 0.033446	
9.739832	 10.515467	 10.013329	 0.005215	 -0.006452	 0.038998	
9.524311	 10.334585	 10.281955	 0.004920	 -0.005873	 0.040466	
9.699364	 10.532987	 10.065247	 0.004883	 -0.006030	 0.034109	
10.011140	 10.899309	 10.314050	 0.004558	 -0.005141	 0.025041	
9.706690	 10.473149	 10.166420	 0.005245	 -0.006486	 0.037593	
10.116457	 10.944815	 10.706669	 0.004969	 -0.005868	 0.027411	
9.917853	 10.649022	 10.528740	 0.005137	 -0.005245	 0.030215	
9.806233	 10.604028	 10.047521	 0.005129	 -0.006435	 0.031515	
10.064488	 11.108644	 10.425577	 0.004237	 -0.005513	 0.034452	
9.620809	 10.226443	 10.110297	 0.005956	 -0.006996	 0.029627	
9.871517	 10.694960	 10.210748	 0.004914	 -0.005763	 0.028904	
9.637760	 10.331878	 10.086653	 0.005497	 -0.006650	 0.035569	
9.788725	 10.679360	 10.738516	 0.004574	 -0.005388	 0.035365	
10.207424	 11.175761	 10.742379	 0.004287	 -0.004912	 0.030627	
9.570971	 10.122019	 10.115844	 0.006044	 -0.006385	 0.034266	
9.289561	 9.850350	 9.702199	 0.005876	 -0.005978	 0.035180	
9.726834	 10.332879	 10.385345	 0.005970	 -0.007163	 0.030186	
10.052791	 10.944131	 10.240391	 0.004608	 -0.005403	 0.029479	
9.681915	 10.446064	 10.030573	 0.004999	 -0.005400	 0.026513	
9.916292	 10.607146	 10.315040	 0.005344	 -0.005669	 0.028405	
9.658511	 10.390665	 10.259380	 0.005275	 -0.006219	 0.033674	
9.948599	 10.826182	 10.085382	 0.004656	 -0.005355	 0.024783	
9.890771	 10.764605	 10.863624	 0.004650	 -0.005280	 0.031003	
9.537072	 10.182148	 10.059000	 0.005396	 -0.005391	 0.029163	
9.663958	 10.444956	 10.138944	 0.005114	 -0.006340	 0.037513	
9.988390	 10.998365	 10.081969	 0.004286	 -0.005405	 0.027735	
9.859705	 10.578750	 10.744141	 0.005169	 -0.005407	 0.030145	
9.621984	 10.395103	 10.092241	 0.005137	 -0.006409	 0.043155	
9.782024	 10.501896	 10.258063	 0.005067	 -0.004784	 0.026520	
9.433484	 9.991313	 10.156811	 0.006076	 -0.007012	 0.037200	
9.707758	 10.617594	 10.048994	 0.004637	 -0.005943	 0.035784	
9.878617	 10.694542	 10.666666	 0.004724	 -0.004915	 0.029206	
9.926653	 10.848380	 10.266119	 0.004543	 -0.005591	 0.030528	
9.702933	 10.571046	 10.207440	 0.004688	 -0.005549	 0.032166	
9.600436	 10.283305	 10.187359	 0.005467	 -0.006298	 0.036816	
9.915349	 10.548339	 10.638857	 0.005784	 -0.006784	 0.028862	
10.043473	 10.931765	 10.240217	 0.004699	 -0.005743	 0.031985	
10.037023	 10.913257	 10.224767	 0.004822	 -0.006121	 0.026750	
9.662494	 10.378187	 10.354253	 0.005331	 -0.006303	 0.037775	
9.850901	 10.520138	 10.521886	 0.005630	 -0.006552	 0.030741	
9.523818	 10.295042	 10.166195	 0.005026	 -0.005822	 0.037721	
9.825726	 10.655141	 10.212487	 0.005017	 -0.006452	 0.035092	
9.633729	 10.211977	 10.152283	 0.005684	 -0.005174	 0.029979	
9.981557	 10.963204	 10.354628	 0.004388	 -0.005684	 0.035233	
9.998872	 11.008972	 10.574147	 0.004242	 -0.005335	 0.034010	
9.897020	 10.600332	 10.497353	 0.005323	 -0.005800	 0.031654	
9.442300	 9.873594	 9.981065	 0.006839	 -0.007852	 0.033129	
9.773501	 10.680006	 10.377744	 0.004600	 -0.005624	 0.034747	
9.804951	 10.345704	 10.265871	 0.006204	 -0.007150	 0.029484	
9.646119	 10.188388	 10.125274	 0.006319	 -0.007688	 0.032471	
9.437746	 9.920205	 10.022256	 0.006525	 -0.007451	 0.037372	
10.078453	 10.923720	 10.291324	 0.004719	 -0.005065	 0.027500	
9.391833	 9.998918	 10.088968	 0.005675	 -0.006114	 0.036945	
9.836468	 10.694129	 10.388926	 0.004863	 -0.006209	 0.035584	
10.238651	 11.322185	 10.531539	 0.004087	 -0.005253	 0.029797	
9.451644	 10.188244	 10.017916	 0.005176	 -0.006057	 0.044632	
9.813021	 10.449468	 10.658204	 0.005635	 -0.006171	 0.031317	
9.721387	 10.497707	 9.842204	 0.005068	 -0.005987	 0.027227	
9.928546	 10.904200	 10.417572	 0.004418	 -0.005628	 0.038905	
9.574091	 9.943116	 10.222977	 0.007123	 -0.008115	 0.035088	
9.713783	 10.384075	 10.172390	 0.005552	 -0.006227	 0.036187	
10.091893	 10.854134	 10.783449	 0.005240	 -0.006173	 0.030040	
9.829379	 10.606722	 10.465449	 0.005231	 -0.006669	 0.036907	
10.011719	 10.766839	 10.929395	 0.005237	 -0.006153	 0.029725	
9.560164	 9.950800	 10.257082	 0.006823	 -0.006944	 0.028499	
10.003676	 10.892645	 10.489540	 0.004623	 -0.005356	 0.027903	
9.866389	 10.773467	 9.991807	 0.004553	 -0.005333	 0.026674	
9.914893	 10.626000	 10.306533	 0.005455	 -0.006635	 0.028266	
10.169446	 11.241273	 10.500621	 0.004097	 -0.005273	 0.033588	
9.786591	 10.519665	 10.743362	 0.005158	 -0.005541	 0.029938	
9.758388	 10.519894	 10.676380	 0.004906	 -0.005007	 0.031113	
9.599223	 10.322930	 10.084944	 0.005242	 -0.006007	 0.037259	
9.734627	 10.082274	 10.465907	 0.007194	 -0.008148	 0.028585	
9.936687	 10.762660	 10.268952	 0.004860	 -0.005630	 0.034110	
9.772719	 10.556730	 10.108284	 0.005094	 -0.006173	 0.037176	
9.438565	 9.875399	 10.328456	 0.006226	 -0.005162	 0.033751	
9.547704	 10.057878	 10.301573	 0.005898	 -0.005204	 0.027790	
9.968694	 10.837154	 10.500284	 0.004757	 -0.005740	 0.033890	
9.705965	 10.455546	 10.224735	 0.004945	 -0.005103	 0.027145	
9.993716	 10.958968	 10.246060	 0.004454	 -0.005720	 0.038827	
9.774569	 10.369809	 10.430844	 0.005942	 -0.006811	 0.033198	
9.777254	 10.535088	 10.093876	 0.005068	 -0.005686	 0.025414	
9.757641	 10.606623	 10.019385	 0.004928	 -0.006343	 0.036306	
9.365377	 9.834569	 9.998625	 0.006054	 -0.004875	 0.031034	
9.580358	 10.368307	 10.276776	 0.005041	 -0.006228	 0.039982	
9.410472	 9.907388	 10.018145	 0.005928	 -0.005062	 0.033882	
9.891174	 10.666812	 10.525921	 0.005224	 -0.006401	 0.035062	
9.837155	 10.474654	 10.276450	 0.005710	 -0.006373	 0.028198	
9.972930	 10.818748	 10.199938	 0.004905	 -0.005961	 0.024817	
9.925740	 10.467047	 10.481532	 0.006216	 -0.007155	 0.027360	
9.780050	 10.719662	 10.183611	 0.004498	 -0.005660	 0.037872	
10.007681	 10.706756	 10.524370	 0.005515	 -0.006676	 0.031675	
9.318779	 9.800526	 9.916947	 0.006613	 -0.008110	 0.044186	
9.509597	 10.188657	 10.250495	 0.005643	 -0.007087	 0.043213	
9.743129	 10.161921	 10.456638	 0.006596	 -0.006688	 0.030745	
