#n_{sat}	#E_{sat}	#K_{sat}	#J_{sym}	#L_{sym}	#m^*/m
0.160424	-15.891604	200.487045	33.062599	58.547680	0.718842
0.144805	-16.074036	202.169464	33.370945	64.303871	0.742621
0.157129	-15.984390	226.477280	32.844685	57.908127	0.707105
0.156678	-15.812332	204.904739	32.937668	62.177666	0.722502
0.157076	-15.847046	209.209335	33.370586	57.663807	0.710604
0.153143	-16.015865	211.672623	33.427139	65.871124	0.687665
0.153143	-16.015865	211.672623	33.427139	65.871124	0.687665
0.161947	-16.126331	201.753616	33.879349	54.386982	0.660147
0.159800	-15.825216	222.580261	32.764168	61.419178	0.690295
0.155748	-16.076571	202.600433	33.226860	61.602367	0.691372
0.158038	-16.128595	209.195084	33.072735	56.469776	0.662733
0.147056	-15.991396	225.353210	33.282143	65.495186	0.693355
0.145812	-16.196566	218.670212	32.868740	63.637604	0.720529
0.145249	-15.810509	227.102646	33.184090	62.761539	0.748390
0.148831	-16.190273	240.172455	33.177116	65.493309	0.741928
0.155443	-15.992906	204.533264	32.418324	58.095901	0.706227
0.158956	-15.880854	220.382950	32.522636	57.335083	0.681884
0.160858	-15.891405	213.226715	33.144382	59.364979	0.697362
0.148009	-16.098442	227.511337	33.342361	67.770538	0.743479
0.167002	-15.867579	209.198227	33.626888	55.061283	0.681995
0.145382	-15.986493	228.553268	32.656311	63.231640	0.703592
0.146933	-16.018433	219.572693	33.186131	67.143967	0.695410
0.147424	-16.160620	234.604965	32.706367	62.594372	0.737372
0.146733	-16.123022	221.583130	32.431732	61.906452	0.708521
0.161620	-16.162128	213.402939	33.973648	63.583302	0.706280
0.148573	-15.999888	223.243530	32.889301	61.064312	0.734338
0.141427	-15.908751	227.606201	31.343136	58.413540	0.702396
0.151968	-15.975530	206.417480	33.420124	64.920197	0.691894
0.145557	-16.061577	226.579819	33.374809	60.827461	0.693868
0.151579	-15.953225	223.615341	32.976879	57.217670	0.696809
0.144043	-15.989783	213.368942	33.272865	64.236992	0.730050
0.154761	-15.883574	230.305832	33.958702	60.971924	0.722088
0.160923	-15.970354	226.626465	33.072071	61.627289	0.707781
0.156612	-16.011986	202.186646	32.775002	54.241566	0.658263
0.153706	-16.079525	235.928711	32.941074	62.498833	0.733012
0.148502	-16.161926	224.469727	32.637070	60.206470	0.703797
0.149496	-16.124744	209.419983	33.774174	66.269562	0.718816
0.164173	-16.160103	201.181671	33.648178	57.740681	0.697237
0.143320	-16.164932	211.797424	32.138699	58.408691	0.705913
0.154485	-16.153587	216.690521	33.577446	60.935265	0.704117
0.153187	-16.159975	236.202637	33.001099	62.215431	0.730569
0.167775	-15.938347	214.158539	32.491409	56.398804	0.675205
0.142557	-15.951928	203.184021	32.470257	61.946980	0.739905
0.148866	-16.129757	233.537476	33.894356	64.653221	0.708961
0.163854	-15.961346	206.084290	33.440216	60.228489	0.666189
0.153795	-16.070271	231.323151	33.696796	65.505096	0.715315
0.161612	-16.037888	218.538971	33.983585	56.144787	0.679569
0.159980	-16.167149	217.336212	33.150539	57.845936	0.699976
0.165053	-15.944826	223.688446	33.507271	56.118652	0.694772
0.155405	-16.008392	213.699936	32.497402	57.804710	0.704700
0.167765	-16.108259	211.862869	33.208889	59.835995	0.669524
0.157699	-16.078260	207.394058	32.779789	58.488876	0.679845
0.166249	-15.857833	206.398392	32.374378	55.901855	0.661113
0.160242	-15.840042	202.805649	33.790955	66.110123	0.674100
0.151725	-15.917903	222.149536	33.602940	67.214371	0.720011
0.142843	-16.029261	219.414719	32.569595	60.319324	0.702912
0.147038	-15.893860	224.296158	33.450932	68.610657	0.711985
0.146395	-15.884188	215.449707	33.281853	65.211388	0.741975
0.167343	-16.190779	220.874359	33.731533	62.466251	0.678538
0.163690	-15.857012	211.973785	33.469261	57.061497	0.688072
0.160967	-15.855089	209.113205	33.702965	63.803391	0.663440
0.169194	-15.875066	209.096344	33.144657	54.468456	0.666705
0.165331	-15.911114	207.486343	33.069447	58.894234	0.697345
0.144430	-15.968344	212.970764	32.238773	58.905064	0.700645
0.162702	-16.077562	214.497025	32.262482	55.024460	0.661869
0.161737	-16.166889	204.338882	33.951508	64.305191	0.700903
0.160170	-16.082193	217.953873	33.201164	60.437542	0.670484
0.150731	-15.898593	202.310745	32.956715	61.222927	0.705602
0.153038	-16.090340	210.823975	33.697830	60.772396	0.704970
0.150893	-16.028345	228.758255	33.881626	63.740227	0.733696
0.162726	-16.000311	203.579254	33.260223	59.953270	0.696903
0.163607	-15.886591	219.726898	32.836281	60.055767	0.702477
0.153394	-15.824366	226.128021	33.772858	67.349266	0.721918
0.144792	-15.961107	204.085922	33.418941	63.203964	0.727781
0.160091	-16.170586	220.519547	33.279354	58.505260	0.714062
0.159126	-15.956814	213.952850	32.218903	57.220970	0.700493
0.157520	-15.807557	225.610107	33.552666	60.608143	0.716700
0.159192	-16.012032	200.057602	33.772625	62.444851	0.656315
0.166375	-15.825849	211.151627	32.120949	57.281334	0.669488
0.157216	-16.099731	207.951065	33.460960	56.042141	0.677467
0.153386	-16.149315	217.642426	33.890755	65.431084	0.733396
0.161682	-15.891164	207.896667	32.286133	57.036366	0.688945
0.142172	-16.028183	200.919281	33.102844	59.938938	0.721704
0.157153	-16.183294	220.204056	33.904987	60.703014	0.696090
0.159212	-16.137098	212.736633	32.913704	55.657494	0.672659
0.158661	-15.835546	226.518555	33.497910	63.230110	0.725130
0.142431	-16.149916	205.403305	33.062496	65.598640	0.714806
0.159638	-16.174189	230.261215	33.481060	60.086914	0.701656
0.151201	-16.053047	223.901962	32.694790	62.874474	0.683681
0.157053	-15.924029	212.987625	33.711777	59.557163	0.669701
0.152258	-15.821236	225.478424	33.767403	67.047363	0.734768
0.146039	-16.064222	226.274796	33.451321	66.672783	0.693529
0.144485	-16.180668	235.374573	33.006832	64.077614	0.736697
0.160793	-16.057026	208.169739	32.914364	59.012962	0.716887
0.154193	-16.113436	211.831604	33.947819	57.070961	0.697879
0.144815	-15.868461	223.511810	32.154087	59.623993	0.698445
0.151683	-16.189165	215.198959	33.454575	59.662430	0.696009
0.151615	-15.823340	225.594299	32.229462	61.033997	0.725602
0.153129	-16.008451	231.224106	33.671684	63.468620	0.726394
0.151325	-15.966278	215.689438	33.391861	60.816738	0.723935
0.161703	-16.180218	224.704468	33.868717	58.996971	0.698947
0.165570	-15.815356	208.448334	33.753437	64.614983	0.708730
0.155998	-15.817019	222.393082	33.204685	62.939045	0.727358
0.158158	-16.099236	211.477188	32.952583	60.380306	0.679979
0.162867	-16.159672	222.375427	33.695301	55.998146	0.677603
0.160558	-16.192633	228.070557	33.637863	61.785984	0.717466
0.140382	-15.938821	232.286377	31.879425	62.819527	0.747242
0.168459	-16.074259	225.301636	33.979660	59.698174	0.687913
0.167050	-15.874056	207.078934	33.481373	56.905899	0.707524
0.142904	-15.971667	207.376114	32.997288	58.028881	0.703694
0.150351	-16.084797	202.196762	32.493187	58.821838	0.713871
0.169918	-16.046038	206.692352	33.684563	56.947605	0.701780
0.144651	-16.164671	201.252335	33.080082	61.634357	0.741852
0.156160	-16.152700	203.047714	33.905365	66.636505	0.672154
0.166635	-16.043079	222.143555	33.402973	61.124435	0.694527
0.146384	-16.095984	220.696915	33.379673	68.055534	0.705961
0.165327	-15.825974	211.604630	33.757576	61.984512	0.675808
0.166347	-16.168291	210.377518	33.720310	57.285854	0.677777
0.149141	-16.112705	210.294479	33.797459	63.332405	0.728868
0.163474	-16.176250	226.824127	32.887047	59.240643	0.707626
0.145473	-15.997034	219.280594	33.348042	57.816448	0.696734
0.149707	-16.081217	207.247543	33.711208	61.553101	0.734587
0.152562	-15.873973	220.668518	33.876892	60.879169	0.691747
0.145591	-15.801805	213.744766	32.736416	58.035236	0.703060
0.167253	-15.808640	213.825577	32.183399	55.233189	0.682250
0.142393	-16.036613	207.246841	32.205452	59.997574	0.723159
0.166783	-15.806776	200.686844	32.860912	56.631168	0.662964
0.149775	-16.121605	209.184784	33.910789	64.563957	0.724835
0.150469	-16.115765	204.301941	33.315262	62.896633	0.730888
0.145081	-15.883179	207.824417	32.724808	59.735649	0.717799
0.147055	-16.180857	224.222488	33.630077	61.997784	0.713251
0.140750	-16.154379	235.963562	32.229923	62.785530	0.727386
0.144567	-15.903352	227.591019	32.225098	62.440720	0.728679
0.154339	-15.806841	215.019897	32.019051	57.828152	0.692864
0.147758	-16.151871	220.295959	33.603081	61.705044	0.720214
0.146768	-15.841798	227.318207	33.552322	64.306969	0.724028
0.155147	-15.960194	205.882294	31.986116	57.765274	0.659099
0.157895	-15.998280	214.788971	32.269470	55.362122	0.667164
0.151718	-15.972777	205.995636	32.654938	57.245537	0.709249
0.153143	-16.015865	211.672623	33.427139	65.871124	0.687665
0.161947	-16.126331	201.753616	33.879349	54.386982	0.660147
0.159800	-15.825216	222.580261	32.764168	61.419178	0.690295
0.155748	-16.076571	202.600433	33.226860	61.602367	0.691372
0.158038	-16.128595	209.195084	33.072735	56.469776	0.662733
0.147056	-15.991396	225.353210	33.282143	65.495186	0.693355
0.145812	-16.196566	218.670212	32.868740	63.637604	0.720529
0.145249	-15.810509	227.102646	33.184090	62.761539	0.748390
0.148831	-16.190273	240.172455	33.177116	65.493309	0.741928
0.155443	-15.992906	204.533264	32.418324	58.095901	0.706227
0.158956	-15.880854	220.382950	32.522636	57.335083	0.681884
0.160858	-15.891405	213.226715	33.144382	59.364979	0.697362
0.148009	-16.098442	227.511337	33.342361	67.770538	0.743479
0.167002	-15.867579	209.198227	33.626888	55.061283	0.681995
0.145382	-15.986493	228.553268	32.656311	63.231640	0.703592
0.146933	-16.018433	219.572693	33.186131	67.143967	0.695410
0.147424	-16.160620	234.604965	32.706367	62.594372	0.737372
0.146733	-16.123022	221.583130	32.431732	61.906452	0.708521
0.161620	-16.162128	213.402939	33.973648	63.583302	0.706280
0.148573	-15.999888	223.243530	32.889301	61.064312	0.734338
0.141427	-15.908751	227.606201	31.343136	58.413540	0.702396
0.151968	-15.975530	206.417480	33.420124	64.920197	0.691894
0.145557	-16.061577	226.579819	33.374809	60.827461	0.693868
0.151579	-15.953225	223.615341	32.976879	57.217670	0.696809
0.144043	-15.989783	213.368942	33.272865	64.236992	0.730050
0.154761	-15.883574	230.305832	33.958702	60.971924	0.722088
0.160923	-15.970354	226.626465	33.072071	61.627289	0.707781
0.156612	-16.011986	202.186646	32.775002	54.241566	0.658263
0.153706	-16.079525	235.928711	32.941074	62.498833	0.733012
0.148502	-16.161926	224.469727	32.637070	60.206470	0.703797
0.149496	-16.124744	209.419983	33.774174	66.269562	0.718816
0.164173	-16.160103	201.181671	33.648178	57.740681	0.697237
0.143320	-16.164932	211.797424	32.138699	58.408691	0.705913
0.154485	-16.153587	216.690521	33.577446	60.935265	0.704117
0.153187	-16.159975	236.202637	33.001099	62.215431	0.730569
0.167775	-15.938347	214.158539	32.491409	56.398804	0.675205
0.142557	-15.951928	203.184021	32.470257	61.946980	0.739905
0.148866	-16.129757	233.537476	33.894356	64.653221	0.708961
0.163854	-15.961346	206.084290	33.440216	60.228489	0.666189
0.153795	-16.070271	231.323151	33.696796	65.505096	0.715315
0.161612	-16.037888	218.538971	33.983585	56.144787	0.679569
0.159980	-16.167149	217.336212	33.150539	57.845936	0.699976
0.165053	-15.944826	223.688446	33.507271	56.118652	0.694772
0.155405	-16.008392	213.699936	32.497402	57.804710	0.704700
0.167765	-16.108259	211.862869	33.208889	59.835995	0.669524
0.157699	-16.078260	207.394058	32.779789	58.488876	0.679845
0.166249	-15.857833	206.398392	32.374378	55.901855	0.661113
0.160242	-15.840042	202.805649	33.790955	66.110123	0.674100
0.151725	-15.917903	222.149536	33.602940	67.214371	0.720011
0.142843	-16.029261	219.414719	32.569595	60.319324	0.702912
0.147038	-15.893860	224.296158	33.450932	68.610657	0.711985
0.146395	-15.884188	215.449707	33.281853	65.211388	0.741975
0.167343	-16.190779	220.874359	33.731533	62.466251	0.678538
0.163690	-15.857012	211.973785	33.469261	57.061497	0.688072
0.160967	-15.855089	209.113205	33.702965	63.803391	0.663440
0.169194	-15.875066	209.096344	33.144657	54.468456	0.666705
0.165331	-15.911114	207.486343	33.069447	58.894234	0.697345
0.144430	-15.968344	212.970764	32.238773	58.905064	0.700645
0.162702	-16.077562	214.497025	32.262482	55.024460	0.661869
0.161737	-16.166889	204.338882	33.951508	64.305191	0.700903
0.160170	-16.082193	217.953873	33.201164	60.437542	0.670484
0.150731	-15.898593	202.310745	32.956715	61.222927	0.705602
0.153038	-16.090340	210.823975	33.697830	60.772396	0.704970
0.150893	-16.028345	228.758255	33.881626	63.740227	0.733696
0.162726	-16.000311	203.579254	33.260223	59.953270	0.696903
0.163607	-15.886591	219.726898	32.836281	60.055767	0.702477
0.153394	-15.824366	226.128021	33.772858	67.349266	0.721918
0.144792	-15.961107	204.085922	33.418941	63.203964	0.727781
0.160091	-16.170586	220.519547	33.279354	58.505260	0.714062
0.159126	-15.956814	213.952850	32.218903	57.220970	0.700493
0.157520	-15.807557	225.610107	33.552666	60.608143	0.716700
0.159192	-16.012032	200.057602	33.772625	62.444851	0.656315
0.159041	-16.131226	209.002869	33.280704	54.178543	0.662336
0.144306	-16.017859	204.965271	32.351807	60.963696	0.715399
0.153430	-16.123140	201.330704	32.254322	57.759155	0.662987
0.141175	-15.817183	227.359589	32.196953	61.378120	0.733704
0.146912	-15.848903	201.663361	32.566383	59.393078	0.712249
0.151812	-15.852105	218.280289	32.773724	56.708633	0.696789
0.145127	-15.927197	212.265198	32.390572	60.472054	0.730530
0.151918	-16.180088	221.650742	33.328503	63.514912	0.686483
0.158289	-15.878972	220.586258	33.564167	58.207283	0.700381
0.164517	-15.898957	219.547791	33.797390	62.612114	0.679539
0.145363	-15.989367	206.320938	33.358124	68.386978	0.733693
0.154888	-15.831246	210.073807	33.272621	56.445221	0.694977
0.169493	-16.139774	211.358612	33.527367	56.936317	0.689733
0.147176	-15.903813	211.392853	32.851322	65.088577	0.725887
0.163321	-16.032408	208.700546	33.652927	58.740856	0.703204
0.145045	-16.085808	214.883179	32.739456	60.266640	0.725131
0.162420	-15.853688	200.976440	33.016777	57.595390	0.656300
0.154333	-16.080479	221.517532	33.961872	58.796494	0.697230
0.161495	-15.805806	201.661819	32.138386	57.928646	0.666297
0.161341	-16.177778	219.766876	33.391533	61.834679	0.707776
0.148450	-16.131111	235.703842	33.531380	66.616005	0.728903
0.167621	-15.956264	208.859497	33.917084	63.259762	0.665800
0.161253	-16.179665	217.833344	33.873901	61.092480	0.689635
0.155531	-16.120029	208.548019	32.859440	56.188789	0.661544
0.154784	-16.110502	213.619034	32.709713	57.581913	0.703624
0.157345	-16.101112	221.325455	33.952286	66.441017	0.719792
0.169169	-16.102308	205.469940	33.323341	57.414051	0.702352
0.160534	-15.987762	203.603500	33.718792	62.939491	0.685602
0.157112	-16.005320	214.913330	32.771736	57.556614	0.704023
0.151340	-15.819356	210.362350	33.330006	67.148605	0.710389
0.156906	-16.024792	213.245117	33.083748	60.581997	0.709070
0.158604	-16.067900	215.539368	33.511299	59.224438	0.711542
0.161842	-15.814733	215.348999	33.860470	58.990784	0.714731
0.152043	-16.142017	200.577576	33.275467	65.437187	0.659018
0.146261	-15.820491	217.502747	33.192711	62.120785	0.722610
0.166375	-15.825849	211.151627	32.120949	57.281334	0.669488
0.157216	-16.099731	207.951065	33.460960	56.042141	0.677467
0.153386	-16.149315	217.642426	33.890755	65.431084	0.733396
0.161682	-15.891164	207.896667	32.286133	57.036366	0.688945
0.142172	-16.028183	200.919281	33.102844	59.938938	0.721704
0.157153	-16.183294	220.204056	33.904987	60.703014	0.696090
0.159212	-16.137098	212.736633	32.913704	55.657494	0.672659
0.158661	-15.835546	226.518555	33.497910	63.230110	0.725130
0.142431	-16.149916	205.403305	33.062496	65.598640	0.714806
0.159638	-16.174189	230.261215	33.481060	60.086914	0.701656
0.151201	-16.053047	223.901962	32.694790	62.874474	0.683681
0.157053	-15.924029	212.987625	33.711777	59.557163	0.669701
0.152258	-15.821236	225.478424	33.767403	67.047363	0.734768
0.146039	-16.064222	226.274796	33.451321	66.672783	0.693529
0.165570	-15.815356	208.448334	33.753437	64.614983	0.708730
0.155998	-15.817019	222.393082	33.204685	62.939045	0.727358
0.158158	-16.099236	211.477188	32.952583	60.380306	0.679979
0.162867	-16.159672	222.375427	33.695301	55.998146	0.677603
0.160558	-16.192633	228.070557	33.637863	61.785984	0.717466
0.140382	-15.938821	232.286377	31.879425	62.819527	0.747242
0.168459	-16.074259	225.301636	33.979660	59.698174	0.687913
0.167050	-15.874056	207.078934	33.481373	56.905899	0.707524
0.142904	-15.971667	207.376114	32.997288	58.028881	0.703694
0.150351	-16.084797	202.196762	32.493187	58.821838	0.713871
0.169918	-16.046038	206.692352	33.684563	56.947605	0.701780
0.144651	-16.164671	201.252335	33.080082	61.634357	0.741852
0.156160	-16.152700	203.047714	33.905365	66.636505	0.672154
0.166635	-16.043079	222.143555	33.402973	61.124435	0.694527
0.146384	-16.095984	220.696915	33.379673	68.055534	0.705961
0.165327	-15.825974	211.604630	33.757576	61.984512	0.675808
0.166347	-16.168291	210.377518	33.720310	57.285854	0.677777
0.149141	-16.112705	210.294479	33.797459	63.332405	0.728868
0.163474	-16.176250	226.824127	32.887047	59.240643	0.707626
0.159726	-15.933096	204.119141	31.996967	55.265026	0.697947
0.145473	-15.997034	219.280594	33.348042	57.816448	0.696734
0.149707	-16.081217	207.247543	33.711208	61.553101	0.734587
0.152562	-15.873973	220.668518	33.876892	60.879169	0.691747
0.145591	-15.801805	213.744766	32.736416	58.035236	0.703060
0.167253	-15.808640	213.825577	32.183399	55.233189	0.682250
0.142393	-16.036613	207.246841	32.205452	59.997574	0.723159
0.166783	-15.806776	200.686844	32.860912	56.631168	0.662964
0.149775	-16.121605	209.184784	33.910789	64.563957	0.724835
0.150469	-16.115765	204.301941	33.315262	62.896633	0.730888
0.145081	-15.883179	207.824417	32.724808	59.735649	0.717799
0.147055	-16.180857	224.222488	33.630077	61.997784	0.713251
0.162029	-15.851179	217.274338	33.720379	57.075974	0.696134
0.140750	-16.154379	235.963562	32.229923	62.785530	0.727386
0.144567	-15.903352	227.591019	32.225098	62.440720	0.728679
0.154339	-15.806841	215.019897	32.019051	57.828152	0.692864
0.147758	-16.151871	220.295959	33.603081	61.705044	0.720214
0.146768	-15.841798	227.318207	33.552322	64.306969	0.724028
0.155147	-15.960194	205.882294	31.986116	57.765274	0.659099
0.157895	-15.998280	214.788971	32.269470	55.362122	0.667164
0.151718	-15.972777	205.995636	32.654938	57.245537	0.709249
0.147137	-16.112595	233.067291	33.404579	68.975975	0.734389
0.152651	-15.897430	216.543732	32.856979	63.043228	0.715860
0.167062	-15.966955	213.035858	33.155762	55.864368	0.675419
0.155951	-15.896610	204.343048	33.721199	65.325096	0.677259
0.151259	-16.027813	228.273605	33.240364	65.143639	0.737921
0.161042	-15.834761	220.903137	33.307823	62.119411	0.690308
0.159419	-15.819071	220.264816	32.838764	58.663441	0.706253
0.163587	-15.920424	214.776886	33.907734	59.001873	0.698162
0.147696	-16.154575	201.357864	33.929325	62.663319	0.725158
0.159455	-16.045471	220.036530	33.908527	64.434410	0.723630
0.144946	-16.140444	225.868881	33.277710	65.139236	0.725052
0.149421	-15.977131	215.602539	33.221546	64.608818	0.738968
0.168751	-16.027275	213.367783	33.851898	54.663208	0.668239
0.147803	-15.940729	206.016205	33.842972	66.995148	0.730224
0.162354	-15.832840	212.763336	33.699482	60.426670	0.710268
0.167683	-16.056471	207.656799	32.525364	56.325455	0.675837
0.142957	-15.991843	218.917877	32.796127	67.489075	0.695581
0.150244	-16.124912	209.608719	33.411903	62.069561	0.695015
0.153432	-15.834433	210.151627	33.559471	61.496170	0.692577
0.150260	-15.996513	232.511139	33.656776	65.733124	0.739188
0.151297	-16.009600	228.552887	33.534103	63.197922	0.730917
0.149605	-16.047537	221.116653	33.713188	64.144249	0.737681
0.155570	-15.872129	219.383820	32.284710	60.083035	0.684573
0.154523	-15.871312	222.492645	33.727867	61.107395	0.720828
0.168160	-16.145363	200.230896	33.395763	56.536873	0.681248
0.156308	-15.930952	212.279556	32.720116	59.013168	0.721400
0.160995	-16.086807	216.893234	33.886814	64.249191	0.684907
0.154579	-15.906418	200.090652	33.020359	57.015747	0.657252
0.162681	-15.871818	202.129395	32.656635	54.887005	0.679753
0.152775	-15.800564	205.659912	32.170040	58.769455	0.699753
0.151665	-15.810620	205.303421	33.884556	57.786015	0.690141
0.157901	-15.965756	207.218674	33.247501	57.980381	0.713410
0.152412	-15.841384	226.259476	33.843800	66.131157	0.711068
0.149257	-15.995730	221.743805	33.470413	55.938667	0.682825
0.151841	-15.984587	204.189346	32.744465	60.552975	0.721942
0.158748	-15.935668	212.451645	32.728901	57.872326	0.673081
0.164754	-16.024845	227.160568	33.827969	60.090858	0.701834
0.156652	-15.974761	203.500198	33.591900	66.134155	0.690904
0.145209	-15.900333	213.117004	33.087307	68.573936	0.727621
0.153692	-16.175156	217.532303	33.748737	65.501274	0.698754
0.153471	-16.163420	204.791748	32.642273	59.637432	0.657814
0.163272	-15.973218	203.459549	33.758289	59.735146	0.683219
0.160071	-15.939855	209.180206	33.449928	60.582520	0.668535
0.163122	-16.157988	218.512726	33.798798	59.345818	0.711702
0.156140	-16.012806	215.934280	33.899265	65.207153	0.700573
0.155565	-16.061838	218.844910	32.558914	59.533386	0.696597
0.147359	-15.834097	232.079819	33.645126	65.600784	0.734948
0.159612	-15.865692	226.344406	33.299393	65.417625	0.707763
0.154458	-16.199825	200.097916	32.701427	55.165470	0.656444
0.165412	-16.028225	228.222061	33.711643	59.047535	0.711831
0.146365	-16.103235	225.615891	33.264534	64.820656	0.707936
0.147238	-16.164501	212.657745	32.161430	58.732224	0.715197
0.150863	-15.808475	212.027908	32.741070	61.244144	0.734721
0.162234	-15.985807	213.343735	33.132786	59.146938	0.694481
0.166971	-15.997769	201.483521	33.971008	59.372364	0.710961
0.157274	-16.026230	211.323166	33.594612	63.350880	0.705373
0.167841	-16.190861	207.603851	32.821350	57.139618	0.656246
0.154817	-15.919773	203.621933	33.124748	63.907398	0.657373
0.168250	-15.933385	206.877640	33.849827	59.157627	0.710941
0.151488	-16.043741	206.857040	32.891071	61.157406	0.732128
0.146378	-15.962566	226.049805	33.044914	67.085938	0.703420
0.165425	-16.071650	200.597580	33.352970	54.002338	0.666764
0.154542	-15.980876	204.184448	32.574574	58.158108	0.706921
0.156180	-16.079607	213.212891	33.901489	67.569954	0.695430
0.164685	-16.125954	215.848740	33.399818	60.733246	0.664838
0.161567	-16.098866	220.869980	33.381329	60.008781	0.687496
0.156720	-16.045921	222.228027	32.342861	58.471634	0.688959
0.147472	-16.022966	207.965042	33.179478	62.805656	0.715365
0.157315	-16.132545	206.813217	32.353149	57.581421	0.667738
0.149701	-15.841724	207.236526	33.647587	61.079178	0.723842
0.169599	-15.988622	204.118240	33.677876	60.158127	0.687458
0.158970	-16.180809	214.531509	33.516331	62.374115	0.662804
0.167654	-15.951446	208.952408	32.998512	55.854698	0.667042
0.158238	-16.087910	217.302200	33.840549	65.037865	0.697091
0.142344	-16.191107	211.380035	32.215214	59.721672	0.713033
0.152252	-16.136587	223.613815	31.803045	56.442955	0.683600
0.158683	-15.962148	226.134521	33.703850	58.766228	0.710385
0.161952	-16.029886	223.578949	33.800774	62.616871	0.706334
0.156304	-16.109360	201.356171	33.732815	58.755486	0.719881
0.161517	-15.960396	206.443237	32.520397	59.189674	0.673537
0.165718	-15.849381	211.006378	33.526161	60.180836	0.703174
0.162495	-16.186510	211.929871	33.485413	57.859638	0.673366
0.161982	-15.880151	209.499527	32.895390	58.495251	0.680095
0.156996	-16.070162	202.251099	33.805489	64.200836	0.655335
0.147677	-16.146311	226.076401	33.690121	69.452271	0.732402
0.144759	-15.815093	224.526291	32.182682	63.281509	0.729585
0.153388	-15.907742	208.132767	33.560783	63.604591	0.711305
0.154556	-16.095581	220.176941	32.934841	59.199406	0.685032
0.140530	-15.878261	231.044434	32.337376	61.157749	0.721118
0.152346	-16.166826	218.230560	33.007694	59.806927	0.688349
0.149297	-15.830450	204.009506	33.642651	65.155380	0.736800
0.151206	-16.065493	226.051956	33.954666	69.742882	0.711164
0.152380	-16.194046	236.205276	33.770908	61.809010	0.717095
0.145104	-16.034925	200.371475	32.895493	60.539272	0.715571
0.152574	-15.805661	200.828506	32.821758	57.516834	0.710743
0.166202	-16.060097	201.955612	33.594917	59.362202	0.709775
0.168107	-15.856717	213.908936	33.895222	61.625793	0.683421
0.165002	-16.071014	201.406418	32.881737	56.997623	0.688985
0.147987	-16.051447	225.103592	32.629417	61.650040	0.722230
0.153321	-16.129436	206.193237	33.711990	57.368214	0.694925
0.148520	-16.024254	212.252594	32.268131	59.692944	0.703714
0.155130	-15.893826	215.161621	33.549137	62.900040	0.718746
0.149146	-15.957849	231.010345	32.694138	62.732689	0.735709
0.148448	-16.059740	238.631302	32.771587	64.544319	0.741024
0.159859	-16.076675	222.400620	32.723171	55.948006	0.683169
0.156510	-16.107866	203.216431	33.162838	62.130882	0.673430
0.153413	-16.109303	210.875519	33.361095	61.399696	0.718578
0.145745	-15.840862	201.994522	32.755833	63.853069	0.716964
0.154442	-15.961697	204.772919	32.608353	58.634205	0.699925
0.158166	-15.918961	212.426788	33.777298	59.585575	0.707692
0.155533	-15.835423	201.195221	32.094677	54.732105	0.672201
0.149298	-15.825129	202.211578	33.720993	59.199585	0.717010
0.157310	-15.868726	214.242828	33.550388	56.767448	0.669387
0.148559	-15.920874	217.151810	33.288128	68.107681	0.739669
0.159806	-15.817253	215.524033	32.632843	55.881989	0.684087
0.147399	-16.072298	202.333344	33.797192	63.923393	0.712430
0.153645	-16.009485	204.014923	33.465916	61.338142	0.697876
0.146894	-15.818697	232.147995	32.661961	63.782070	0.739979
0.154322	-16.157333	202.035736	33.912247	55.453487	0.669103
0.156104	-15.807432	204.849106	32.350735	58.472878	0.714424
0.151030	-16.076571	221.977234	32.581341	60.168655	0.703616
0.149776	-16.023666	224.800812	33.924992	64.604996	0.712055
0.145502	-15.997066	205.087204	32.231464	59.844933	0.725910
0.169282	-15.962262	216.281067	33.181236	58.258781	0.670399
0.156675	-15.818423	200.015137	33.726791	59.492847	0.716619
0.148796	-16.013393	217.265503	33.607170	69.283447	0.701427
0.162039	-15.878778	218.592087	33.688969	62.738136	0.684369
0.150078	-15.894315	207.900421	33.826691	59.707672	0.721803
0.157864	-16.119984	212.002640	32.758533	54.909748	0.662641
0.145563	-15.853671	224.056854	32.392181	64.803215	0.708761
0.164235	-16.108931	215.773148	32.598740	54.796154	0.684858
0.145929	-16.183355	236.538864	32.911976	62.832695	0.741072
0.158679	-16.049456	206.166046	32.935173	59.308605	0.706665
0.169935	-16.121254	226.593277	33.407280	58.083679	0.690802
0.157025	-16.088886	221.366684	33.029480	63.036320	0.687724
0.147266	-15.873500	205.335861	33.428169	64.799866	0.720185
0.151009	-15.847729	211.566895	33.751587	65.429436	0.715153
0.154268	-16.190916	214.911636	33.945576	65.492203	0.693860
0.160043	-16.137934	205.103653	33.928852	65.113029	0.669168
0.160840	-15.808606	216.579468	32.721237	60.498749	0.676983
0.160388	-15.921718	204.622177	33.879364	65.423927	0.717422
0.146303	-16.096207	202.382538	33.367184	64.784225	0.706728
0.162762	-16.012976	217.709320	32.769424	57.020531	0.696050
0.155851	-15.931620	211.433807	33.080585	61.351425	0.706159
0.157995	-15.923562	220.385269	33.882320	57.399117	0.694134
0.169827	-16.022068	223.171478	33.172802	57.684795	0.689754
0.150283	-16.057035	203.173172	33.778370	63.058102	0.718308
0.151952	-16.076199	222.681976	32.643250	60.340122	0.687177
0.164798	-16.170330	225.806793	33.833031	61.882534	0.700355
0.164307	-15.950942	222.054825	33.129089	61.566944	0.694955
0.168121	-15.931850	206.150101	33.923878	65.631020	0.665245
0.150538	-15.851390	219.430923	32.631798	62.475536	0.692450
0.143762	-16.057327	227.383408	33.010120	66.374756	0.743348
0.169187	-15.847827	209.351974	31.833963	54.096310	0.670391
0.144456	-16.002882	216.763199	33.217796	67.751129	0.713840
0.166669	-15.864908	217.561661	33.139305	58.037701	0.688760
0.159509	-16.009102	216.772797	33.944626	66.330856	0.675600
0.145401	-16.129095	213.543808	32.054409	57.987972	0.710602
0.167042	-16.168736	216.098923	33.782841	59.860302	0.704660
0.150666	-15.939506	209.903931	33.852303	66.477417	0.724207
0.161200	-15.981472	217.255569	33.135818	57.902763	0.690937
0.141628	-16.005148	233.262177	32.482895	62.927307	0.745164
0.146851	-15.848078	207.947266	32.893581	65.495911	0.714188
0.141648	-15.805022	221.782181	32.697330	61.883228	0.735845
0.147305	-15.889202	209.631775	33.372570	60.798306	0.697575
0.147590	-15.819035	229.388809	33.307629	66.846054	0.725056
0.160112	-15.836447	209.300293	33.789879	68.867973	0.667842
0.147984	-16.027941	218.686081	32.237022	59.434315	0.714225
0.161895	-16.090593	223.685028	33.597809	61.089218	0.714153
0.159698	-15.811057	215.061279	33.764858	61.936337	0.701400
0.157756	-16.189966	211.666779	33.903904	66.346039	0.662334
0.167134	-15.948509	201.828629	32.798817	54.432472	0.660278
0.157229	-15.886724	230.683502	33.072445	60.990517	0.715114
0.161905	-15.969591	203.851974	32.600452	56.850594	0.678709
0.154798	-15.871846	200.763687	33.463207	62.683983	0.658168
0.153324	-16.162916	229.842896	32.997391	61.448437	0.698248
0.149947	-16.198187	204.225769	33.520657	65.374924	0.719831
0.151028	-15.940692	203.334259	33.952984	67.538673	0.701225
0.164217	-16.023684	220.433014	33.648224	59.244823	0.692203
0.151230	-16.044115	216.592712	33.573502	60.305470	0.696688
0.149287	-16.055466	220.836884	33.733547	66.103409	0.731665
0.166593	-16.141838	218.812378	33.675049	58.259968	0.672593
0.151508	-16.015930	222.659775	33.737507	58.935089	0.694171
0.161066	-15.916959	202.988800	32.711704	58.075832	0.718129
0.158092	-15.871235	223.974899	33.186275	58.426052	0.691801
0.166750	-15.805505	203.710922	33.577606	54.735893	0.667358
0.162401	-15.969166	200.796127	32.255886	56.286709	0.663174
0.160873	-15.948784	207.918259	33.046600	55.126156	0.673753
0.160647	-15.981536	225.028030	33.539562	63.739281	0.700526
0.146525	-15.937047	222.065659	32.760147	62.510677	0.735149
0.142802	-16.008131	200.319839	32.939751	66.031342	0.718086
0.167858	-15.909962	203.926727	32.984665	55.071167	0.684823
0.145813	-16.110867	233.762787	32.317413	62.085815	0.721328
0.152838	-15.906568	226.046371	33.117928	60.163662	0.720230
0.157271	-16.177511	218.137177	33.956417	56.223011	0.690684
0.151533	-15.915874	209.237152	33.057606	60.173077	0.715401
0.147615	-16.063204	218.861526	33.371868	63.871758	0.710598
0.164475	-16.183216	206.529053	33.866734	56.360569	0.658285
0.152003	-15.989516	211.521469	33.037113	64.761864	0.693608
0.154814	-16.147697	225.394699	33.728741	66.119110	0.697224
0.152311	-16.055769	202.801315	33.586403	63.965118	0.727945
0.161008	-15.943327	203.794830	33.245209	61.278561	0.664360
0.156954	-16.196714	224.426910	33.766537	64.565948	0.725869
0.158153	-15.851214	204.745239	33.948887	65.272820	0.702193
0.147242	-15.801879	228.384933	33.625755	64.263191	0.720390
0.153716	-15.904560	221.492462	33.818645	65.199272	0.686099
0.151019	-16.156311	224.405930	33.970329	66.119232	0.686757
0.152823	-16.112505	223.372070	33.966324	59.105888	0.709101
0.142861	-16.104445	222.735840	32.460026	59.790554	0.720186
0.141061	-15.829869	214.462418	32.438076	59.591885	0.701017
0.143333	-15.971144	207.797821	32.309864	62.104965	0.709208
0.169323	-16.007727	227.939896	33.242985	59.965412	0.700915
0.162589	-15.957911	216.708893	33.352592	63.923847	0.685374
0.143445	-15.914578	215.617569	32.543251	62.757637	0.704734
0.149240	-16.047199	205.987274	33.644772	67.174118	0.712973
0.159995	-16.080952	203.085861	33.291576	57.872211	0.700668
0.155074	-15.945978	207.301453	33.557770	60.221199	0.695925
0.142822	-16.177197	218.913177	32.789207	63.761192	0.744596
0.157738	-16.175573	202.495148	33.943302	58.893372	0.655943
0.144437	-15.840355	232.595810	32.026302	62.463364	0.742320
0.151043	-15.832389	216.765701	32.393524	61.047150	0.722970
0.155631	-15.952303	229.011673	33.532589	67.756439	0.728607
0.142723	-15.814327	223.645676	32.752857	62.909061	0.733344
0.146437	-16.100201	213.107376	33.779140	64.582008	0.707957
0.168011	-15.975984	205.407562	33.908718	62.782570	0.705271
0.161737	-16.179077	203.231827	32.884037	58.260685	0.663365
0.160212	-16.030157	212.365723	33.372864	58.569843	0.674818
0.166276	-15.995306	200.433670	33.719448	54.078979	0.668734
0.157467	-16.182396	201.741119	33.947582	63.322754	0.702652
0.144562	-15.885759	228.261841	32.283390	62.784142	0.726170
0.168358	-15.966811	211.180801	33.366550	60.445950	0.679522
0.150622	-15.937709	218.176453	33.980495	63.362190	0.709055
0.155699	-16.157310	203.915207	33.584206	61.379181	0.705768
0.153395	-15.806478	206.563553	33.057896	58.303345	0.701022
0.164103	-15.853740	205.032715	33.999016	63.035656	0.672787
0.145190	-15.940016	229.485016	32.719986	62.474377	0.741205
0.166414	-16.122116	201.850082	33.028042	56.949123	0.681386
0.167315	-16.123468	203.874252	33.812176	61.723217	0.667442
0.159894	-15.864348	206.184128	32.192646	56.932617	0.692655
0.167864	-15.812366	221.590210	33.676979	56.574703	0.687262
0.165299	-16.049416	214.581009	33.792507	61.144821	0.681663
0.148625	-16.099613	223.544479	33.433689	65.189934	0.695423
0.161222	-15.890762	207.003601	32.944138	57.757328	0.692259
0.143232	-15.857310	206.875046	32.976089	60.885014	0.704133
0.141363	-15.871089	223.091095	32.135868	59.697887	0.720642
0.160050	-15.988632	204.237213	33.467564	62.420963	0.687915
0.160039	-15.807756	202.023087	32.955299	57.272911	0.662807
0.154987	-15.801596	207.412003	33.731926	65.160744	0.714999
0.152716	-15.903086	214.994339	33.218369	62.882389	0.697364
0.161563	-16.071199	210.885635	33.378796	60.197571	0.698269
0.159515	-15.988823	223.343582	33.932041	56.296913	0.685223
0.145169	-16.188927	222.298218	32.334736	56.637794	0.689343
0.150345	-15.808917	217.529877	32.449177	60.957569	0.727561
0.161522	-15.806309	228.498123	33.179604	63.741760	0.721178
0.153143	-15.962011	203.731842	33.907856	63.327316	0.713207
0.149654	-16.150536	217.636673	32.453129	60.710289	0.691260
0.154410	-15.910172	227.050400	33.778416	67.054710	0.705831
0.142662	-16.015005	219.498245	32.207386	62.191860	0.719882
0.159778	-16.011251	216.107712	33.776905	60.736324	0.698696
0.150424	-15.919548	219.406464	33.276249	66.478188	0.695559
0.151396	-15.848511	221.613724	33.931580	58.508347	0.696661
0.154589	-16.049767	232.231064	33.686142	65.723145	0.717403
0.165967	-16.129820	212.125839	33.530231	58.659813	0.684770
0.159061	-15.821777	210.380493	33.706348	64.378517	0.670391
0.145544	-16.065342	224.575256	33.338074	60.196629	0.715769
0.168711	-16.198912	212.686874	32.897289	55.638153	0.682250
0.143506	-15.833526	231.053665	32.647320	64.773849	0.723080
0.162914	-16.073381	215.457306	33.934433	60.605659	0.712086
0.169982	-15.919080	210.604034	33.908443	60.444103	0.668767
0.147641	-16.065582	230.848175	33.482716	60.804199	0.706722
0.158713	-16.090025	214.548904	33.642612	61.504070	0.678288
0.161533	-15.837647	221.497086	33.923012	61.587925	0.686959
0.159050	-15.993126	217.649857	33.129642	58.790886	0.705088
0.145827	-16.051865	205.285828	33.432030	62.072491	0.716603
0.152458	-16.122856	210.023468	32.366581	58.997345	0.686380
0.155572	-16.144468	201.265656	33.851009	64.774361	0.681149
0.160368	-16.149401	216.358566	33.330990	57.239189	0.698081
0.147704	-15.875950	207.392715	33.097630	60.755863	0.714633
0.165547	-15.939868	224.880615	33.719093	58.817543	0.693177
0.163565	-16.094303	201.154755	33.516006	59.280689	0.678686
0.144199	-15.848107	228.593536	32.215794	63.269917	0.734142
0.164152	-16.193432	206.622253	33.389690	57.995209	0.661631
0.160215	-16.040926	213.939697	33.474751	57.186363	0.667295
0.144958	-16.023611	218.046661	32.382767	59.132030	0.715945
0.156258	-15.879322	206.812897	33.440628	64.419838	0.728566
0.162040	-15.828210	216.375946	33.671120	58.506760	0.680617
0.146425	-16.063524	205.970657	32.761356	63.292126	0.724344
0.155556	-15.996627	200.755142	33.400475	62.822685	0.715523
0.158090	-15.903058	210.331650	33.075718	60.769009	0.723486
0.141140	-15.933419	222.082367	31.739946	61.256512	0.709059
0.162843	-16.055569	227.377762	33.801155	60.846584	0.711869
0.163947	-16.149103	205.365952	33.749363	58.163776	0.675931
0.154419	-15.955680	203.827560	33.139984	59.279148	0.663362
0.168918	-16.016901	224.431061	32.879189	55.579956	0.692481
0.146532	-16.043482	216.148270	33.241730	60.186916	0.719669
0.159255	-16.073467	217.740295	33.823769	67.238441	0.694438
0.161831	-15.888438	208.384552	32.599792	54.801960	0.669620
0.149970	-16.075964	204.734283	32.774429	61.337719	0.735564
0.150888	-15.809469	214.599182	32.000832	57.902046	0.715061
0.142365	-15.917732	205.189301	32.600075	58.409740	0.709776
0.161053	-16.142481	200.441864	33.424217	56.767300	0.685741
0.145657	-15.994959	208.117569	33.571388	59.164253	0.707288
0.145806	-15.963114	214.819412	33.274132	66.628838	0.742178
0.149430	-15.972589	218.222549	33.344536	61.859436	0.694314
0.155121	-15.822732	220.146606	33.408207	65.629074	0.689172
0.151515	-16.158024	204.493134	33.486332	63.595898	0.702523
0.157672	-16.046165	206.569244	32.792927	56.963440	0.660578
0.149058	-15.942884	223.001770	33.958401	61.108131	0.712118
0.150223	-16.095133	232.775055	33.730812	60.131821	0.709816
0.160596	-16.036316	221.751068	32.978661	58.718510	0.700446
0.143269	-16.146084	202.557678	33.275318	65.372032	0.740757
0.150801	-16.074673	217.467529	32.034454	57.490993	0.697624
0.159050	-16.075205	212.406128	32.518192	57.610550	0.691965
0.147593	-16.102356	233.361633	32.997520	62.391098	0.742236
0.147166	-16.166044	233.112778	33.604904	66.697746	0.735238
0.153335	-16.053696	212.461975	32.754719	57.039124	0.689282
0.152981	-16.170034	233.722031	33.930145	65.823799	0.707669
0.161598	-16.132681	206.256668	32.234631	55.447987	0.666994
0.148169	-15.950245	208.425049	32.721878	59.627129	0.720349
0.153674	-16.120628	222.607025	33.958820	67.678360	0.702799
0.166563	-16.001242	203.588593	33.354351	59.641281	0.675639
0.149726	-15.934111	235.658325	32.908901	65.461983	0.740700
0.169989	-16.156132	216.768188	33.951328	57.174416	0.681369
0.151155	-16.099155	236.265854	32.661633	62.732059	0.735127
0.153020	-15.894504	204.022308	32.792084	56.725311	0.698123
0.145133	-15.872381	211.280441	32.667786	63.569126	0.721279
0.151607	-15.899648	207.463669	33.734802	66.618439	0.693658
0.141309	-16.009926	203.149063	32.762852	63.832718	0.728314
0.165781	-15.881575	214.022812	33.121067	57.405609	0.671451
0.147056	-16.152561	202.484253	32.584953	58.821106	0.707169
0.169886	-16.118979	205.676773	33.485836	58.163582	0.709668
0.169114	-15.998972	205.769821	33.550571	55.726685	0.692142
0.140848	-16.157000	215.394165	32.422905	62.387756	0.741570
