9.717315	 10.902854	 10.008483	 0.002702	 -0.001509	 0.039773	
10.686445	 12.268608	 11.909346	 0.002676	 -0.003729	 0.042887	
9.175177	 9.680759	 9.823563	 0.006076	 -0.005917	 0.042449	
10.194636	 11.431028	 11.134151	 0.003308	 -0.003718	 0.037809	
9.477385	 10.378214	 10.524475	 0.003661	 -0.001834	 0.041204	
9.517221	 10.449659	 10.674037	 0.003197	 -0.000216	 0.044052	
9.793253	 10.715212	 10.941398	 0.004251	 -0.004355	 0.043713	
9.265693	 10.033766	 10.219103	 0.004704	 -0.004654	 0.048156	
9.190305	 9.958327	 10.598223	 0.003343	 0.001525	 0.071591	
9.613900	 10.668058	 10.199058	 0.003506	 -0.003450	 0.057527	
10.222729	 11.547924	 11.361038	 0.003172	 -0.004096	 0.051696	
9.540256	 10.577882	 9.726485	 0.003435	 -0.003040	 0.039577	
9.872753	 11.196462	 9.974528	 0.002552	 -0.002260	 0.026758	
10.279117	 11.492407	 11.233943	 0.003683	 -0.004960	 0.050954	
9.470668	 9.951871	 10.558013	 0.006332	 -0.006431	 0.054349	
9.901047	 10.759972	 10.425947	 0.004326	 -0.003741	 0.032303	
9.126834	 9.543201	 10.039969	 0.006082	 -0.004060	 0.034823	
10.214649	 11.659540	 10.357684	 0.002553	 -0.002831	 0.027158	
10.131818	 11.185538	 10.795179	 0.003881	 -0.004147	 0.047402	
9.788954	 11.150466	 9.679446	 0.002504	 -0.002582	 0.031103	
9.618152	 10.653836	 10.793528	 0.003345	 -0.002437	 0.047539	
9.597082	 10.731461	 10.268083	 0.003204	 -0.003226	 0.037089	
10.169306	 11.255129	 10.405257	 0.004055	 -0.005303	 0.033307	
9.829887	 10.603362	 11.067474	 0.005189	 -0.006413	 0.064867	
9.649175	 10.709719	 10.454354	 0.003127	 -0.001627	 0.055071	
9.874138	 11.271583	 9.960320	 0.002470	 -0.002651	 0.042983	
9.913256	 11.115038	 10.473031	 0.003299	 -0.003703	 0.035999	
9.480309	 9.972795	 10.420551	 0.005758	 -0.004175	 0.028845	
10.066125	 10.896623	 10.594079	 0.004945	 -0.005966	 0.039160	
9.610645	 10.581316	 10.696067	 0.003522	 -0.002294	 0.039588	
9.319030	 9.980145	 11.078627	 0.004539	 -0.001705	 0.062866	
9.354285	 10.330041	 9.586391	 0.003482	 -0.002740	 0.047101	
9.719661	 10.908423	 10.656112	 0.003043	 -0.002895	 0.051443	
9.511801	 10.254594	 10.711499	 0.004415	 -0.002628	 0.057679	
9.279668	 10.230095	 10.627071	 0.003345	 -0.001943	 0.051108	
9.737072	 10.964548	 10.330519	 0.002930	 -0.002873	 0.036834	
8.940606	 9.504799	 10.777201	 0.004661	 -0.001025	 0.052334	
10.282797	 11.534741	 10.918760	 0.003180	 -0.003350	 0.051155	
10.711822	 12.057955	 10.515980	 0.003331	 -0.004321	 0.020923	
9.823643	 10.957681	 10.858034	 0.003333	 -0.003256	 0.032681	
9.135332	 9.809077	 10.857339	 0.004797	 -0.003538	 0.076072	
10.396540	 11.756681	 10.997602	 0.003243	 -0.004447	 0.034452	
9.875763	 11.101096	 10.138434	 0.003175	 -0.003635	 0.031301	
8.836768	 9.515457	 10.650683	 0.003972	 -0.000246	 0.076604	
9.217427	 9.669389	 11.208873	 0.006308	 -0.005805	 0.063429	
9.524494	 10.395142	 10.815243	 0.003509	 -0.000494	 0.035351	
10.676410	 12.248520	 10.520709	 0.002751	 -0.003896	 0.029215	
9.178598	 9.960941	 10.963561	 0.003373	 0.001061	 0.059286	
9.874114	 10.920639	 10.150459	 0.003824	 -0.004235	 0.030401	
9.328229	 10.228021	 10.777865	 0.003422	 -0.001070	 0.067317	
9.196332	 9.863294	 10.460108	 0.004660	 -0.002776	 0.066461	
9.740267	 10.921437	 10.035788	 0.003171	 -0.003302	 0.030997	
9.975803	 11.115826	 10.949827	 0.003183	 -0.002494	 0.039186	
9.949297	 11.301094	 10.629339	 0.002830	 -0.003356	 0.046802	
10.335233	 11.801684	 11.245743	 0.002545	 -0.002863	 0.037151	
10.355838	 11.712522	 11.186351	 0.003161	 -0.004151	 0.032274	
10.351370	 11.583693	 11.400642	 0.003324	 -0.003711	 0.041692	
9.490680	 10.313951	 10.859051	 0.004453	 -0.004279	 0.046749	
10.547916	 11.987247	 11.589346	 0.003069	 -0.004278	 0.041754	
9.223414	 10.058587	 10.164952	 0.003150	 0.001194	 0.039035	
10.082372	 11.481676	 10.118869	 0.002470	 -0.002322	 0.026287	
9.544649	 10.631472	 10.624162	 0.002956	 -0.001712	 0.064373	
9.527805	 10.694380	 10.131869	 0.002809	 -0.002138	 0.034062	
10.350876	 11.552892	 11.799580	 0.003692	 -0.004826	 0.044624	
10.106806	 11.112602	 11.366906	 0.004287	 -0.005273	 0.038867	
10.128496	 11.214074	 10.234652	 0.004015	 -0.005138	 0.039452	
8.998131	 9.519092	 10.731168	 0.005544	 -0.004045	 0.061300	
9.335546	 10.021131	 10.758844	 0.004573	 -0.002614	 0.044320	
10.323830	 11.735945	 10.883307	 0.002792	 -0.003331	 0.028949	
9.688883	 10.797744	 11.143310	 0.002922	 -0.001453	 0.040452	
9.315088	 10.180204	 10.531843	 0.003148	 0.000855	 0.067897	
9.404011	 10.099025	 10.465705	 0.004198	 -0.000590	 0.064486	
10.131934	 11.119414	 10.559728	 0.004265	 -0.005111	 0.031644	
9.187972	 9.693919	 10.556315	 0.006106	 -0.006158	 0.054644	
9.216028	 10.041247	 10.142602	 0.004107	 -0.003032	 0.051674	
9.949921	 10.957548	 11.288531	 0.003530	 -0.002366	 0.039618	
9.137666	 9.851993	 10.488020	 0.004285	 -0.001925	 0.079573	
9.117798	 9.839265	 9.999468	 0.003318	 0.002575	 0.031823	
9.731688	 10.655783	 10.685276	 0.003539	 -0.001269	 0.030227	
9.441931	 10.386527	 10.602324	 0.003197	 -0.000693	 0.041607	
9.525892	 10.631089	 10.812662	 0.002914	 -0.001713	 0.054913	
10.285030	 11.694336	 10.205197	 0.002716	 -0.003060	 0.029882	
10.208012	 11.432921	 10.314118	 0.003273	 -0.003586	 0.024564	
9.172380	 9.499449	 10.094146	 0.006986	 -0.006349	 0.048393	
9.511787	 10.642037	 10.510318	 0.002770	 -0.001429	 0.035524	
9.275066	 9.722073	 11.043408	 0.005940	 -0.003770	 0.043000	
10.179286	 11.358416	 10.844681	 0.003778	 -0.005118	 0.051871	
10.047829	 11.346791	 9.757732	 0.002864	 -0.002930	 0.029882	
9.787380	 10.991414	 11.438208	 0.003096	 -0.003153	 0.057842	
9.251944	 10.161304	 9.377555	 0.003408	 -0.001414	 0.031814	
10.660450	 11.932592	 11.102691	 0.003552	 -0.004628	 0.028339	
10.289821	 11.758196	 10.046644	 0.002624	 -0.003193	 0.028237	
9.623669	 10.829521	 10.340387	 0.002653	 -0.001656	 0.046244	
10.174657	 11.357921	 11.330193	 0.003519	 -0.004136	 0.046774	
10.384169	 11.979733	 9.739520	 0.002399	 -0.003166	 0.034030	
10.634302	 12.161667	 11.248147	 0.002894	 -0.004104	 0.048097	
8.731327	 9.376140	 10.310377	 0.003761	 0.001014	 0.073139	
9.243814	 9.909988	 9.734767	 0.004379	 -0.001372	 0.027379	
9.518595	 10.547082	 10.595611	 0.003212	 -0.001939	 0.035302	
9.233820	 9.976108	 10.726226	 0.003181	 0.003301	 0.057252	
9.342911	 10.193070	 10.148395	 0.003574	 -0.000735	 0.027779	
9.677467	 10.823622	 10.233311	 0.003149	 -0.003049	 0.045694	
9.224390	 10.080815	 9.876179	 0.003808	 -0.002498	 0.054231	
9.427632	 10.520452	 10.377088	 0.003156	 -0.002716	 0.050977	
9.737106	 10.809143	 10.905420	 0.003032	 -0.001331	 0.060929	
9.545181	 10.276461	 10.537419	 0.004428	 -0.002180	 0.058700	
10.301534	 11.432470	 11.272593	 0.003658	 -0.004001	 0.042319	
9.773823	 10.726193	 10.783670	 0.004294	 -0.005080	 0.047554	
9.266636	 9.617784	 10.944576	 0.007086	 -0.007262	 0.069685	
8.787374	 9.471671	 9.547650	 0.003785	 0.000264	 0.051879	
9.981101	 11.226893	 10.767283	 0.003059	 -0.003193	 0.057501	
9.878024	 11.139876	 10.875311	 0.002986	 -0.003198	 0.057642	
9.010576	 9.794776	 10.428894	 0.003473	 -0.000015	 0.076770	
10.789236	 12.328315	 11.483031	 0.002883	 -0.004015	 0.029554	
10.491369	 12.117352	 10.200370	 0.002393	 -0.003226	 0.031229	
9.407915	 10.186142	 9.950686	 0.004196	 -0.002538	 0.036206	
9.643912	 10.905435	 9.479479	 0.002679	 -0.002451	 0.031854	
9.729232	 10.836354	 10.196710	 0.003189	 -0.002410	 0.029491	
10.099517	 11.529327	 10.269199	 0.002542	 -0.002771	 0.036252	
9.648982	 10.809128	 11.269374	 0.002913	 -0.002285	 0.065214	
9.337526	 10.010507	 10.779733	 0.005286	 -0.005635	 0.060159	
10.156118	 11.692638	 10.688784	 0.002228	 -0.002413	 0.033486	
8.793110	 9.306878	 10.383633	 0.004900	 -0.000916	 0.087541	
9.328450	 10.252366	 10.870028	 0.003212	 -0.000695	 0.057160	
9.896672	 10.976767	 10.399139	 0.003537	 -0.003351	 0.030068	
10.603882	 12.008559	 10.552927	 0.003113	 -0.004145	 0.039859	
9.580511	 10.399697	 11.396839	 0.003839	 -0.000980	 0.051552	
9.231346	 9.672276	 10.956557	 0.006466	 -0.006669	 0.054086	
9.181913	 9.637658	 9.864006	 0.005993	 -0.004561	 0.034344	
8.863597	 9.511267	 9.652098	 0.003783	 0.001227	 0.044300	
9.448102	 9.905395	 11.036859	 0.005917	 -0.003833	 0.049685	
9.246105	 10.093549	 10.677914	 0.003013	 0.001775	 0.049108	
9.582073	 10.722077	 9.888153	 0.002858	 -0.001759	 0.030405	
8.884132	 9.538915	 10.859463	 0.004023	 -0.000255	 0.060150	
9.587691	 10.642805	 10.901104	 0.003349	 -0.002655	 0.040981	
10.101334	 11.270237	 10.774603	 0.003254	 -0.002923	 0.038525	
9.144081	 9.813643	 10.967134	 0.004483	 -0.002133	 0.066502	
9.679010	 10.464520	 11.290182	 0.004850	 -0.005106	 0.050328	
9.877659	 11.130611	 10.769654	 0.002654	 -0.001858	 0.042302	
10.103882	 11.559172	 9.511897	 0.002412	 -0.002497	 0.024216	
9.991080	 11.321126	 10.800189	 0.002745	 -0.002840	 0.055373	
10.096643	 11.431582	 10.970369	 0.002774	 -0.002821	 0.032643	
9.172583	 9.814934	 11.181504	 0.005161	 -0.004569	 0.071761	
9.446358	 10.384207	 10.269151	 0.003676	 -0.002705	 0.061501	
10.631155	 11.903293	 10.736682	 0.003520	 -0.004521	 0.033134	
9.564179	 10.283495	 10.612314	 0.004810	 -0.003967	 0.063748	
9.637019	 10.736030	 10.762348	 0.003406	 -0.003497	 0.041403	
9.568213	 10.692625	 11.054049	 0.003059	 -0.002518	 0.067133	
9.203417	 9.742735	 10.078308	 0.005380	 -0.003175	 0.032054	
10.205484	 11.546980	 11.810398	 0.002947	 -0.003453	 0.058891	
10.068029	 11.443142	 10.797846	 0.002791	 -0.003337	 0.051641	
10.300008	 11.793687	 10.643489	 0.002471	 -0.002848	 0.040994	
9.905824	 11.315486	 10.222013	 0.002511	 -0.002821	 0.052369	
9.817761	 10.780695	 10.292310	 0.003975	 -0.003723	 0.048629	
9.903020	 10.967168	 10.770373	 0.003442	 -0.002689	 0.055260	
9.353820	 9.945468	 9.765211	 0.005940	 -0.006857	 0.036236	
9.229630	 10.051485	 10.252776	 0.003765	 -0.001629	 0.041045	
9.152859	 9.503775	 10.302283	 0.006785	 -0.005720	 0.038700	
9.235523	 9.860311	 10.193558	 0.005461	 -0.005686	 0.063544	
9.471757	 10.308725	 9.904126	 0.004563	 -0.004905	 0.040724	
9.153820	 9.494655	 10.429357	 0.006590	 -0.004654	 0.064775	
10.163122	 11.547508	 9.812137	 0.002812	 -0.003316	 0.026702	
9.387813	 10.000493	 10.092835	 0.005807	 -0.006874	 0.042609	
9.447196	 10.347341	 10.199395	 0.003067	 0.000800	 0.041714	
9.099711	 9.730919	 10.799651	 0.004942	 -0.003675	 0.051449	
9.801297	 10.727721	 11.720774	 0.003897	 -0.002763	 0.049936	
9.521323	 10.454549	 9.834280	 0.004099	 -0.004365	 0.042379	
9.966601	 11.304350	 11.274551	 0.002510	 -0.002049	 0.052788	
9.812119	 10.574713	 10.791484	 0.004724	 -0.003965	 0.036324	
9.144754	 9.933123	 9.556871	 0.004251	 -0.003143	 0.043263	
10.119125	 11.186936	 11.915939	 0.004102	 -0.005327	 0.054516	
9.824263	 10.801034	 11.318153	 0.004405	 -0.005664	 0.066628	
10.520080	 12.099009	 10.959157	 0.002649	 -0.003706	 0.049138	
9.358725	 9.899597	 10.477360	 0.005861	 -0.005558	 0.046428	
9.218717	 9.974672	 10.767227	 0.003288	 0.002237	 0.063173	
9.643083	 10.585247	 11.301068	 0.003615	 -0.002011	 0.042697	
9.598854	 10.178414	 10.820447	 0.005403	 -0.003830	 0.035674	
9.754151	 10.606749	 10.136894	 0.004585	 -0.004783	 0.028038	
9.820372	 10.691535	 10.392341	 0.004547	 -0.004947	 0.029365	
9.846541	 10.986158	 10.664575	 0.003209	 -0.002736	 0.047507	
10.495623	 11.658264	 12.043805	 0.003848	 -0.004930	 0.043086	
9.034503	 9.533738	 10.327327	 0.005203	 -0.001953	 0.075732	
9.215358	 9.966104	 9.633293	 0.004288	 -0.002627	 0.043808	
10.598275	 12.130746	 11.644964	 0.002870	 -0.004082	 0.041252	
10.025120	 11.225757	 10.217980	 0.003067	 -0.002606	 0.041686	
9.532101	 10.519829	 10.454151	 0.003354	 -0.001832	 0.030700	
9.769706	 10.661059	 11.244788	 0.004249	 -0.004040	 0.056679	
10.214194	 11.489522	 10.265344	 0.003111	 -0.003362	 0.029132	
9.561797	 10.064044	 11.077247	 0.006260	 -0.006520	 0.044790	
9.366705	 10.303496	 9.834160	 0.003234	 -0.001006	 0.030563	
9.181053	 9.652627	 10.309155	 0.005673	 -0.003286	 0.054809	
10.276451	 11.685906	 11.402081	 0.003027	 -0.004128	 0.056375	
10.287184	 11.446191	 10.981706	 0.003481	 -0.003672	 0.028782	
10.081482	 11.552309	 10.426855	 0.002523	 -0.003124	 0.038619	
9.091619	 9.656132	 10.070672	 0.005587	 -0.005009	 0.047660	
9.614275	 10.828501	 9.660923	 0.002711	 -0.002106	 0.041209	
9.458637	 10.507799	 10.015008	 0.003073	 -0.001845	 0.033174	
9.621740	 10.420140	 10.605680	 0.004529	 -0.003950	 0.042880	
8.714858	 9.293623	 10.232306	 0.004201	 0.000804	 0.058911	
9.584708	 9.994777	 10.784855	 0.006396	 -0.005279	 0.041384	
10.135229	 11.421624	 10.176393	 0.003121	 -0.003646	 0.026782	
9.633460	 10.380828	 9.982551	 0.004988	 -0.005204	 0.027520	
9.477384	 10.316620	 10.820802	 0.004088	 -0.002755	 0.054518	
10.343939	 11.670438	 10.120309	 0.003229	 -0.004206	 0.030271	
9.782903	 10.679519	 9.902308	 0.004354	 -0.004676	 0.027430	
9.387400	 10.146947	 10.197746	 0.004533	 -0.003652	 0.061884	
9.757871	 10.740733	 10.127352	 0.003956	 -0.004057	 0.038647	
10.730497	 12.138052	 12.180280	 0.003158	 -0.004208	 0.056925	
9.606275	 10.388497	 11.179820	 0.004599	 -0.004189	 0.044934	
9.726335	 10.786102	 10.455460	 0.003243	 -0.002071	 0.060886	
9.242236	 9.829201	 10.602674	 0.005599	 -0.005276	 0.066443	
8.871790	 9.404335	 9.871987	 0.004501	 0.000711	 0.072625	
9.412278	 9.989721	 10.684112	 0.005481	 -0.004299	 0.054592	
10.333062	 11.507324	 10.610980	 0.003665	 -0.004424	 0.028913	
9.082811	 9.651239	 9.860215	 0.005167	 -0.003198	 0.037133	
9.918981	 10.875612	 10.768590	 0.003915	 -0.003387	 0.038910	
9.172783	 9.587200	 10.666156	 0.005882	 -0.002992	 0.050563	
10.098516	 11.249174	 10.892904	 0.003306	 -0.002988	 0.047215	
10.232016	 11.705491	 10.687265	 0.002510	 -0.002938	 0.043139	
9.363876	 10.163822	 9.817482	 0.003540	 0.000368	 0.024311	
9.598849	 10.488496	 10.348223	 0.003432	 -0.000505	 0.029099	
9.203387	 9.923461	 10.224785	 0.003459	 0.001962	 0.031552	
10.178300	 11.509507	 11.231925	 0.002901	 -0.003177	 0.036459	
9.052180	 9.700182	 10.716442	 0.003726	 0.002096	 0.045827	
9.005435	 9.679047	 10.488580	 0.004106	 -0.000678	 0.061139	
9.492683	 10.349658	 10.906329	 0.003992	 -0.002610	 0.049328	
10.485692	 11.642953	 10.947857	 0.003764	 -0.004527	 0.028505	
10.147565	 11.076471	 10.605276	 0.004579	 -0.005511	 0.033669	
9.008079	 9.502879	 9.754271	 0.004906	 -0.000237	 0.029759	
9.206783	 9.951484	 10.862697	 0.004368	 -0.002755	 0.048222	
9.485444	 10.597507	 10.633128	 0.003196	 -0.002978	 0.049639	
9.376463	 10.047735	 10.207701	 0.005142	 -0.004999	 0.038864	
9.625458	 10.280296	 10.631775	 0.005519	 -0.005856	 0.039509	
9.832801	 10.647677	 11.278355	 0.004513	 -0.004039	 0.042623	
9.491591	 10.371014	 10.434958	 0.003851	 -0.002463	 0.049123	
9.742777	 10.599018	 11.058152	 0.003982	 -0.002337	 0.032090	
10.062706	 11.344737	 10.060374	 0.002799	 -0.002520	 0.026703	
9.712588	 11.017835	 9.868636	 0.002632	 -0.002609	 0.046340	
10.606645	 12.120345	 11.422940	 0.002823	 -0.003878	 0.037748	
9.889032	 10.622251	 11.159396	 0.005281	 -0.006187	 0.039486	
10.458321	 11.921835	 10.490614	 0.002845	 -0.003760	 0.027592	
9.554194	 10.221313	 11.050033	 0.005405	 -0.005649	 0.061172	
9.442844	 10.300784	 10.359076	 0.004420	 -0.004637	 0.046484	
9.592832	 10.622925	 10.275131	 0.003740	 -0.004009	 0.040405	
9.300302	 10.288279	 10.394700	 0.003204	 -0.001895	 0.043977	
10.514896	 11.901146	 11.358139	 0.003221	 -0.004411	 0.034790	
9.340069	 9.899998	 10.898505	 0.005628	 -0.004719	 0.042435	
8.985782	 9.706170	 10.575648	 0.003935	 -0.000720	 0.054530	
9.723200	 10.406424	 10.823917	 0.005008	 -0.003918	 0.046963	
8.912390	 9.544440	 9.386448	 0.004535	 -0.001925	 0.045757	
9.521057	 10.413149	 10.528810	 0.003656	 -0.001748	 0.032509	
9.944926	 11.109499	 11.169204	 0.003306	 -0.003454	 0.061582	
9.700830	 10.673668	 10.483069	 0.003582	 -0.002410	 0.060296	
10.358353	 11.551244	 10.180250	 0.003717	 -0.004856	 0.026829	
9.231087	 9.705076	 10.111219	 0.005912	 -0.004327	 0.036585	
9.211181	 9.588846	 9.873643	 0.006703	 -0.006283	 0.035961	
9.224963	 9.918716	 10.733783	 0.004451	 -0.002114	 0.059406	
9.073758	 9.709386	 10.851467	 0.004335	 -0.000721	 0.063612	
9.130738	 9.822268	 9.730126	 0.004653	 -0.003376	 0.052434	
9.177929	 9.942117	 9.881004	 0.004227	 -0.002837	 0.042895	
9.795147	 10.812723	 10.962455	 0.003258	 -0.001552	 0.045114	
9.315479	 9.809916	 10.763399	 0.006203	 -0.006200	 0.076096	
9.670793	 10.848659	 9.402228	 0.003142	 -0.003267	 0.027815	
9.823760	 11.096391	 10.395902	 0.002961	 -0.003285	 0.043584	
9.355249	 10.270373	 9.640335	 0.003762	 -0.003044	 0.031539	
9.603852	 10.114900	 10.834996	 0.006061	 -0.005982	 0.041544	
10.031522	 11.149628	 10.676494	 0.003275	 -0.002519	 0.043066	
9.547354	 10.678622	 9.850408	 0.003154	 -0.002963	 0.033994	
9.562664	 10.564321	 10.925389	 0.002867	 0.000291	 0.038255	
9.981724	 11.149786	 11.082668	 0.003382	 -0.003612	 0.040866	
9.515680	 10.304385	 10.464691	 0.004709	 -0.004796	 0.036674	
9.512733	 10.494964	 10.006419	 0.003220	 -0.001243	 0.031056	
10.106037	 11.319544	 11.260639	 0.003534	 -0.004605	 0.042364	
9.375439	 9.746154	 10.772523	 0.007199	 -0.008570	 0.047820	
10.094088	 11.308146	 10.246669	 0.003063	 -0.002775	 0.028672	
9.122852	 9.853843	 10.461966	 0.003991	 -0.001161	 0.042778	
9.082556	 9.961192	 9.875020	 0.003492	 -0.001659	 0.054051	
9.516675	 10.269711	 11.145522	 0.004259	 -0.001774	 0.060624	
9.654821	 10.612527	 10.032083	 0.003925	 -0.003658	 0.031373	
9.883296	 11.095169	 10.811313	 0.003145	 -0.003430	 0.044014	
10.025293	 11.252205	 10.832706	 0.003032	 -0.002753	 0.050303	
8.790216	 9.383594	 10.717064	 0.003728	 0.002635	 0.055190	
9.993140	 11.220077	 9.992866	 0.003390	 -0.004314	 0.030806	
9.326733	 10.140645	 10.917505	 0.003265	 0.001156	 0.053266	
9.126294	 9.608920	 11.114142	 0.005698	 -0.003753	 0.063452	
9.704266	 10.819660	 9.975612	 0.003484	 -0.003820	 0.034175	
9.589533	 10.515596	 10.363035	 0.003253	 -0.000096	 0.031020	
10.081985	 11.368430	 10.652288	 0.002836	 -0.002520	 0.038667	
9.216659	 10.029353	 10.461412	 0.003613	 -0.000720	 0.043079	
10.504492	 12.012190	 11.552073	 0.002700	 -0.003483	 0.041444	
9.687230	 10.351599	 11.444028	 0.005178	 -0.004585	 0.055101	
10.461146	 11.866596	 11.670384	 0.003138	 -0.004288	 0.053541	
10.444732	 11.748176	 11.413195	 0.003417	 -0.004500	 0.043934	
9.378885	 10.267891	 10.701885	 0.003354	 -0.000647	 0.035658	
9.246142	 9.785065	 10.428802	 0.005678	 -0.004785	 0.059024	
9.248609	 10.215442	 9.306246	 0.003458	 -0.002543	 0.041584	
9.723268	 10.503269	 10.317995	 0.005086	 -0.006124	 0.045299	
8.894475	 9.364306	 10.152010	 0.005189	 -0.001074	 0.069600	
9.488645	 10.147742	 10.298008	 0.005804	 -0.007400	 0.042708	
9.797863	 10.565016	 11.624714	 0.004646	 -0.003897	 0.042737	
9.697635	 10.622073	 10.315360	 0.004470	 -0.005490	 0.044356	
9.553057	 10.166096	 11.401770	 0.005183	 -0.003596	 0.043459	
9.579884	 10.712896	 10.429906	 0.002966	 -0.002236	 0.042782	
10.342422	 11.910567	 11.309751	 0.002431	 -0.003202	 0.054999	
9.385126	 10.330083	 10.082086	 0.003515	 -0.002270	 0.046008	
9.419221	 9.857809	 10.488470	 0.006230	 -0.005155	 0.035831	
10.051570	 11.149774	 11.547480	 0.003992	 -0.005268	 0.052312	
9.674219	 10.731581	 10.145903	 0.002974	 -0.000889	 0.036671	
9.053923	 9.623577	 10.298483	 0.005240	 -0.003684	 0.069184	
9.472480	 10.184037	 10.778598	 0.004475	 -0.002161	 0.054532	
9.483204	 10.416668	 10.057982	 0.004001	 -0.003961	 0.051314	
10.195450	 11.473919	 11.417158	 0.003367	 -0.004424	 0.045426	
9.825430	 11.073878	 10.137324	 0.002880	 -0.002708	 0.040710	
9.712603	 10.664719	 10.993238	 0.004097	 -0.004366	 0.051478	
9.660808	 10.522538	 10.673386	 0.004474	 -0.004812	 0.063612	
9.446671	 10.513262	 10.621136	 0.003321	 -0.002954	 0.041706	
9.384411	 9.825699	 10.438885	 0.006856	 -0.008261	 0.050734	
9.831155	 11.095402	 10.321352	 0.002864	 -0.002799	 0.046358	
9.861750	 10.739328	 10.701888	 0.004024	 -0.002770	 0.044689	
9.634216	 10.503115	 10.494897	 0.004266	 -0.003854	 0.060142	
10.123058	 11.585512	 11.466158	 0.002382	 -0.002491	 0.052077	
9.190289	 9.976119	 11.089014	 0.003965	 -0.001747	 0.060658	
9.570397	 10.642857	 10.697141	 0.003328	 -0.003041	 0.043300	
9.148164	 9.796462	 11.035717	 0.003818	 0.001648	 0.041536	
10.183082	 11.329498	 10.565789	 0.003414	 -0.003323	 0.027051	
9.587128	 10.077941	 10.837782	 0.005957	 -0.004632	 0.042590	
9.697687	 10.695468	 11.266067	 0.003999	 -0.004411	 0.064596	
9.600013	 10.668435	 10.745214	 0.003431	 -0.003149	 0.058795	
9.271651	 10.017053	 10.550368	 0.003616	 0.000912	 0.047343	
9.690384	 10.519656	 10.840162	 0.004223	 -0.003117	 0.030982	
10.065602	 11.505911	 10.242944	 0.002542	 -0.003026	 0.037480	
8.940223	 9.602691	 9.755473	 0.003747	 0.001322	 0.030509	
9.636040	 10.432515	 10.217979	 0.004307	 -0.002681	 0.038425	
10.322372	 11.526667	 11.139944	 0.003395	 -0.003758	 0.028646	
9.426036	 10.337626	 9.963268	 0.004026	 -0.003777	 0.033406	
9.710190	 10.826591	 11.163252	 0.002948	 -0.001701	 0.053751	
8.689972	 9.293047	 9.563893	 0.004040	 0.000793	 0.057229	
9.154506	 9.840382	 9.674895	 0.004662	 -0.003181	 0.049579	
9.317969	 9.732635	 10.594766	 0.006027	 -0.003595	 0.033889	
9.347058	 10.153018	 10.371985	 0.003203	 0.002031	 0.042406	
9.556733	 10.102264	 10.383458	 0.005898	 -0.005795	 0.030706	
9.656345	 10.629072	 10.220615	 0.003287	 -0.000970	 0.036213	
10.039760	 11.266679	 10.362658	 0.003177	 -0.003322	 0.032420	
9.284047	 9.756293	 10.459362	 0.005770	 -0.003696	 0.050012	
9.409394	 10.042599	 10.922723	 0.004733	 -0.001802	 0.036502	
10.530112	 11.793121	 10.899247	 0.003497	 -0.004464	 0.036554	
10.752499	 12.255898	 11.744466	 0.002928	 -0.004020	 0.053933	
9.536257	 10.243327	 11.262298	 0.004881	 -0.004147	 0.057725	
9.125386	 9.454007	 11.030250	 0.006825	 -0.005692	 0.072365	
10.076671	 11.298195	 10.793843	 0.003132	 -0.003008	 0.028347	
9.585518	 10.779850	 9.995043	 0.002738	 -0.002073	 0.030783	
9.995138	 11.251396	 10.727682	 0.003107	 -0.003427	 0.058315	
9.608551	 10.334187	 10.976211	 0.005241	 -0.006104	 0.054207	
9.512844	 10.483013	 10.135702	 0.003677	 -0.003149	 0.033803	
9.520014	 10.402931	 11.143659	 0.003562	 -0.001142	 0.058234	
10.079050	 11.508232	 10.378834	 0.002402	 -0.002244	 0.038638	
9.462923	 10.223126	 10.599125	 0.003879	 -0.000280	 0.041972	
9.822345	 10.590239	 11.437933	 0.004555	 -0.003462	 0.044495	
8.933336	 9.603422	 9.722859	 0.003947	 0.000288	 0.031495	
10.071872	 11.267672	 10.519418	 0.003364	 -0.003787	 0.035082	
9.879476	 11.201138	 9.969488	 0.002611	 -0.002451	 0.026120	
9.381756	 10.236612	 11.146854	 0.003371	 0.000077	 0.041181	
10.613596	 11.875168	 11.020264	 0.003567	 -0.004692	 0.027835	
9.341751	 9.985880	 11.438423	 0.004369	 -0.000469	 0.054861	
10.011148	 11.107969	 10.631118	 0.003368	 -0.002683	 0.028125	
9.514718	 9.852554	 10.241740	 0.007076	 -0.007047	 0.027257	
9.228243	 9.900376	 9.895220	 0.004482	 -0.002013	 0.035324	
9.543762	 10.611567	 11.041028	 0.003244	 -0.002694	 0.053749	
10.255325	 11.612964	 10.619957	 0.003133	 -0.004132	 0.041742	
9.920602	 10.916031	 10.957382	 0.003885	 -0.003742	 0.039948	
9.488396	 10.147023	 10.770207	 0.005253	 -0.004926	 0.042075	
9.622221	 10.273015	 10.977858	 0.004913	 -0.002979	 0.051486	
9.796871	 10.623716	 10.423018	 0.004572	 -0.004469	 0.026724	
10.491016	 12.008063	 10.258321	 0.002819	 -0.003942	 0.037823	
9.502997	 10.328006	 10.359923	 0.003821	 -0.001460	 0.042819	
9.352328	 10.190944	 10.533233	 0.003482	 -0.000434	 0.049806	
9.258711	 10.056337	 10.720351	 0.004122	 -0.002623	 0.056540	
10.063782	 11.125550	 11.522986	 0.004144	 -0.005344	 0.046108	
10.237021	 11.292823	 11.046141	 0.004200	 -0.005443	 0.038897	
9.877191	 10.554076	 11.430912	 0.005637	 -0.006777	 0.047371	
10.110519	 11.235735	 10.319779	 0.003492	 -0.003489	 0.024148	
9.805115	 11.003698	 11.422356	 0.002829	 -0.002093	 0.050685	
9.384229	 9.877690	 11.557606	 0.005739	 -0.003734	 0.063452	
10.572642	 11.920580	 10.586833	 0.003212	 -0.004029	 0.022017	
9.834166	 11.064908	 10.275572	 0.002791	 -0.002188	 0.039442	
9.042321	 9.638072	 11.123901	 0.004044	 0.001739	 0.071361	
9.228657	 9.618457	 10.713699	 0.006804	 -0.006799	 0.076947	
9.522537	 10.210182	 10.473764	 0.005009	 -0.004200	 0.031780	
9.196400	 9.539007	 10.436770	 0.007469	 -0.008836	 0.074467	
10.359509	 11.946175	 11.631832	 0.002309	 -0.002863	 0.048046	
9.982266	 11.284062	 9.647056	 0.002779	 -0.002668	 0.022932	
10.394324	 11.944827	 10.899021	 0.002602	 -0.003534	 0.052555	
9.160987	 9.997578	 10.882019	 0.003881	 -0.002587	 0.059324	
9.776368	 10.951200	 10.943338	 0.002874	 -0.001957	 0.063849	
10.699508	 12.195659	 10.975883	 0.002962	 -0.004069	 0.046556	
9.851786	 10.667515	 10.750622	 0.005060	 -0.006435	 0.042535	
9.012669	 9.811452	 9.944365	 0.003230	 0.001129	 0.056463	
9.580497	 10.247281	 10.772329	 0.005454	 -0.005810	 0.067695	
9.534416	 10.295986	 10.925757	 0.004892	 -0.005131	 0.045576	
10.066093	 11.299617	 10.725135	 0.003014	 -0.002826	 0.045317	
9.414155	 10.506987	 10.464782	 0.002931	 -0.001863	 0.066383	
9.432262	 10.234447	 9.826313	 0.004344	 -0.003556	 0.041590	
10.044178	 11.421812	 10.441052	 0.002736	 -0.003241	 0.032841	
9.533986	 10.355634	 10.459419	 0.004421	 -0.003941	 0.039847	
9.519828	 10.611293	 9.592751	 0.003269	 -0.003093	 0.036968	
10.227042	 11.714415	 11.201277	 0.002398	 -0.002620	 0.043723	
10.121541	 11.300803	 10.531824	 0.003202	 -0.002926	 0.029303	
9.963778	 10.927913	 11.317818	 0.004026	 -0.003725	 0.043907	
9.352700	 10.031158	 10.022885	 0.004647	 -0.002621	 0.044346	
10.321364	 11.621166	 11.286244	 0.003172	 -0.003808	 0.052977	
9.523836	 10.480654	 9.739331	 0.003821	 -0.003376	 0.026136	
9.330853	 9.948125	 10.685773	 0.004512	 -0.000677	 0.048400	
9.533752	 10.469805	 10.963815	 0.004069	 -0.004295	 0.054480	
9.189758	 9.842756	 9.722149	 0.004954	 -0.003954	 0.041864	
9.389647	 10.393521	 10.919648	 0.003149	 -0.001438	 0.045205	
9.421840	 10.423899	 9.935989	 0.003010	 -0.000838	 0.053567	
9.477115	 10.279142	 10.579303	 0.004604	 -0.004559	 0.067693	
9.448540	 10.418845	 10.474418	 0.003738	 -0.003590	 0.045259	
10.271837	 11.833880	 10.057665	 0.002333	 -0.002854	 0.036959	
9.132532	 9.699854	 10.718747	 0.005477	 -0.004556	 0.062373	
9.440169	 10.304740	 11.302799	 0.003141	 0.001152	 0.044656	
10.001348	 11.247827	 11.480836	 0.002734	 -0.001840	 0.042681	
9.135196	 9.855623	 9.670187	 0.004252	 -0.002027	 0.030271	
9.973759	 11.122841	 10.355409	 0.003511	 -0.003985	 0.046237	
10.292043	 11.452935	 11.195605	 0.003723	 -0.004556	 0.059418	
9.602885	 10.662033	 10.722232	 0.003030	 -0.001391	 0.043589	
9.860216	 10.688622	 11.010473	 0.004655	 -0.004741	 0.038094	
9.227108	 9.777463	 10.567255	 0.004758	 -0.000562	 0.041907	
9.908388	 11.102338	 10.769708	 0.003118	 -0.003089	 0.037447	
9.396578	 10.181013	 10.079011	 0.004298	 -0.003149	 0.047685	
9.143026	 9.986940	 9.446831	 0.003640	 -0.001406	 0.027575	
8.983778	 9.481026	 9.909990	 0.005623	 -0.003809	 0.048431	
9.632602	 10.833686	 10.804773	 0.002956	 -0.002935	 0.042108	
9.658369	 10.655874	 10.799349	 0.003770	 -0.003703	 0.040439	
9.641715	 10.634229	 9.931639	 0.003753	 -0.003570	 0.035871	
9.456677	 10.268144	 10.380201	 0.004697	 -0.005022	 0.046089	
9.162300	 9.922632	 9.685092	 0.004258	 -0.002799	 0.058259	
9.496678	 10.013729	 11.080405	 0.005892	 -0.005084	 0.046536	
9.533014	 10.497015	 10.573807	 0.003178	 -0.000832	 0.055236	
9.639516	 10.442563	 10.553225	 0.004348	 -0.003195	 0.034891	
9.776842	 10.944033	 10.936686	 0.002717	 -0.001173	 0.029164	
10.262137	 11.495426	 10.852836	 0.003428	 -0.004225	 0.045687	
9.410261	 10.344841	 9.857259	 0.003126	 -0.000112	 0.031137	
9.895383	 11.018413	 11.127712	 0.003714	 -0.004656	 0.040817	
9.898256	 10.870118	 10.633434	 0.004413	 -0.005567	 0.054778	
9.263475	 9.573588	 10.351190	 0.007548	 -0.008880	 0.064465	
8.945968	 9.488263	 11.069575	 0.004382	 0.001076	 0.053824	
9.881194	 10.607496	 10.196822	 0.005128	 -0.005224	 0.024726	
9.811353	 10.788340	 10.677652	 0.004076	 -0.004540	 0.036636	
9.879981	 11.099901	 9.570677	 0.003244	 -0.003769	 0.034130	
10.658543	 12.114214	 11.144380	 0.002969	 -0.003943	 0.040977	
9.755669	 10.909314	 11.492260	 0.002896	 -0.001930	 0.051641	
10.111399	 11.425030	 11.634472	 0.002705	 -0.002300	 0.046706	
9.694537	 10.577043	 10.957675	 0.003902	 -0.002201	 0.050455	
10.056062	 11.348432	 10.677796	 0.003007	 -0.003383	 0.034474	
10.383426	 11.777830	 10.475169	 0.003089	 -0.004177	 0.041273	
9.413691	 10.023298	 11.241611	 0.005193	 -0.003723	 0.044222	
9.444602	 9.823331	 10.079339	 0.006753	 -0.006471	 0.028694	
9.668461	 10.626110	 10.787112	 0.003861	 -0.003568	 0.047581	
9.525991	 10.270013	 10.074192	 0.004897	 -0.004699	 0.028735	
10.143510	 11.663890	 10.040521	 0.002263	 -0.002537	 0.028782	
10.603544	 12.122576	 11.766410	 0.002774	 -0.003698	 0.044887	
9.984033	 10.867872	 10.702647	 0.004748	 -0.005798	 0.032398	
10.368300	 11.603746	 11.525156	 0.003648	 -0.004874	 0.056685	
9.304381	 9.817293	 10.384115	 0.006288	 -0.007293	 0.067341	
9.150942	 9.985247	 10.573233	 0.003880	 -0.002364	 0.071471	
9.748293	 10.339249	 10.509695	 0.005766	 -0.005994	 0.037549	
9.959663	 11.204824	 9.969720	 0.003099	 -0.003450	 0.033724	
9.421277	 10.313466	 10.950712	 0.003023	 0.001038	 0.046066	
8.982624	 9.653807	 10.622134	 0.004397	 -0.001869	 0.058239	
8.999475	 9.639550	 10.991314	 0.003832	 0.001512	 0.065757	
9.466906	 9.878093	 10.210204	 0.006627	 -0.006565	 0.034423	
10.125819	 11.187988	 11.795332	 0.003698	 -0.003631	 0.044239	
9.589957	 10.537443	 10.755695	 0.003472	 -0.001817	 0.043988	
10.083272	 11.578469	 11.160631	 0.002277	 -0.002373	 0.047918	
9.256314	 9.808778	 9.982208	 0.005660	 -0.004894	 0.037296	
9.881337	 11.033972	 10.073869	 0.003246	 -0.002984	 0.022202	
9.858484	 10.655089	 10.781357	 0.004511	 -0.003606	 0.050144	
10.034224	 11.380814	 10.557208	 0.002521	 -0.002118	 0.044442	
9.621055	 10.182743	 11.261956	 0.005587	 -0.004273	 0.059731	
8.998204	 9.536162	 9.765629	 0.005136	 -0.002216	 0.054460	
10.056892	 11.140479	 10.477324	 0.003682	 -0.003713	 0.028977	
8.957200	 9.514625	 9.831205	 0.005193	 -0.003046	 0.058345	
10.051316	 11.108487	 11.626351	 0.003791	 -0.004019	 0.040504	
10.626966	 12.146464	 11.494355	 0.002835	 -0.003850	 0.052764	
10.321713	 11.622364	 10.481845	 0.003385	 -0.004495	 0.030975	
9.810222	 10.967212	 11.350337	 0.002880	 -0.001802	 0.044724	
10.383959	 11.773749	 12.296408	 0.003179	 -0.004401	 0.060534	
9.365831	 10.331022	 10.597672	 0.003262	 -0.001407	 0.038737	
10.015238	 10.920647	 10.372578	 0.004725	 -0.005961	 0.044450	
9.690604	 10.446099	 10.927542	 0.004613	 -0.003642	 0.044947	
9.059063	 9.449608	 10.715657	 0.006504	 -0.005240	 0.066616	
9.458725	 10.122972	 10.177960	 0.005398	 -0.005644	 0.052443	
10.188962	 11.414093	 11.012179	 0.003620	 -0.004919	 0.055950	
10.338167	 11.633743	 9.940022	 0.003344	 -0.004279	 0.022671	
10.204115	 11.711044	 10.523209	 0.002417	 -0.002843	 0.029450	
9.849105	 11.077982	 10.809426	 0.003079	 -0.003255	 0.036768	
9.702216	 10.708274	 10.147159	 0.003439	 -0.002132	 0.035735	
8.767097	 9.366025	 10.684179	 0.004090	 0.000664	 0.075091	
9.385339	 10.073809	 11.108552	 0.003927	 0.000613	 0.055617	
9.869372	 11.243459	 10.606743	 0.002469	 -0.002435	 0.036547	
9.827398	 11.050149	 9.821858	 0.003125	 -0.003402	 0.043311	
9.975066	 11.026588	 11.138995	 0.003943	 -0.004534	 0.043520	
9.165744	 9.737947	 10.327446	 0.005478	 -0.004507	 0.060403	
9.826337	 11.096142	 9.801597	 0.002756	 -0.002530	 0.025646	
10.000163	 11.439335	 9.359105	 0.002493	 -0.002859	 0.026307	
9.737139	 10.518001	 10.601898	 0.005200	 -0.006562	 0.055820	
9.685870	 10.729908	 10.350621	 0.003775	 -0.004183	 0.038118	
9.124874	 9.806389	 11.078819	 0.003565	 0.002584	 0.062060	
9.338135	 10.278659	 11.022676	 0.003657	 -0.002950	 0.057997	
9.527592	 10.432009	 10.495094	 0.003284	 0.000049	 0.034363	
9.332079	 9.930107	 9.813429	 0.005283	 -0.003918	 0.033168	
9.278945	 10.000864	 9.752628	 0.004638	 -0.003628	 0.045864	
9.665518	 10.910863	 10.756815	 0.002616	 -0.001945	 0.040455	
9.182638	 9.861229	 10.814767	 0.004743	 -0.003294	 0.075209	
10.610993	 11.872179	 12.019500	 0.003529	 -0.004514	 0.036104	
9.080829	 9.751071	 10.967331	 0.004526	 -0.002543	 0.059737	
10.015490	 11.405549	 10.688247	 0.002638	 -0.002962	 0.032224	
10.288664	 11.380657	 10.957343	 0.003742	 -0.003931	 0.036785	
9.424516	 10.073283	 10.423982	 0.005214	 -0.004862	 0.042497	
9.423091	 10.293287	 10.092462	 0.004102	 -0.003663	 0.050665	
10.001918	 10.983273	 10.229066	 0.004376	 -0.005465	 0.040429	
10.128126	 11.118908	 11.461153	 0.004308	 -0.005320	 0.045857	
9.849104	 10.816722	 11.183605	 0.004114	 -0.004486	 0.039611	
9.454507	 10.220340	 10.318476	 0.004326	 -0.002678	 0.049668	
9.807330	 11.124032	 9.995516	 0.002621	 -0.002620	 0.052132	
9.920180	 11.196909	 10.239385	 0.002611	 -0.001766	 0.027644	
9.132973	 9.573297	 10.307158	 0.006468	 -0.006393	 0.056598	
9.447299	 10.005518	 10.920277	 0.004917	 -0.001378	 0.055207	
9.605329	 10.458676	 10.529523	 0.004577	 -0.004966	 0.048690	
9.259490	 10.006808	 10.613127	 0.004758	 -0.004664	 0.054264	
10.240056	 11.362155	 11.031840	 0.003578	 -0.003550	 0.043993	
10.353656	 11.850296	 11.238127	 0.002740	 -0.003650	 0.053600	
10.029595	 10.912894	 10.634574	 0.004701	 -0.005701	 0.049839	
9.329715	 10.178744	 9.632474	 0.003998	 -0.002744	 0.034496	
9.781935	 10.934144	 10.821251	 0.002808	 -0.001385	 0.031448	
10.331648	 11.489128	 10.844949	 0.003707	 -0.004436	 0.051387	
10.108669	 11.403153	 11.987496	 0.003062	 -0.003561	 0.061966	
8.941593	 9.639415	 10.316357	 0.003965	 -0.000770	 0.071594	
9.978811	 11.323288	 10.867584	 0.002564	 -0.002240	 0.033817	
9.694428	 10.454967	 10.681870	 0.004730	 -0.004175	 0.050071	
10.413826	 11.682105	 11.090458	 0.003488	 -0.004554	 0.042660	
9.623461	 10.608778	 10.602655	 0.003578	 -0.002785	 0.036768	
10.068173	 11.157373	 10.177023	 0.004053	 -0.005377	 0.038257	
10.367880	 11.577589	 11.546515	 0.003353	 -0.003479	 0.039774	
9.070346	 9.562564	 10.009442	 0.005547	 -0.003409	 0.054594	
9.072676	 9.787243	 9.801842	 0.003940	 -0.000720	 0.060923	
9.579158	 10.554156	 10.179862	 0.003968	 -0.004181	 0.041102	
10.003436	 10.864780	 10.683645	 0.004851	 -0.006005	 0.055070	
9.756287	 10.780246	 10.726549	 0.003974	 -0.004761	 0.059189	
10.032824	 11.256422	 10.686921	 0.002940	 -0.002307	 0.038458	
9.782963	 10.966722	 10.220322	 0.003085	 -0.002958	 0.045584	
9.867931	 10.831358	 11.195166	 0.004057	 -0.004116	 0.039005	
9.844124	 11.164978	 9.804287	 0.002821	 -0.003231	 0.048573	
9.180744	 9.963156	 10.701742	 0.003532	 0.000101	 0.069861	
9.593899	 10.558499	 9.999261	 0.003940	 -0.003941	 0.046079	
9.332383	 9.739535	 10.812241	 0.006335	 -0.004687	 0.069249	
10.269445	 11.708473	 10.954124	 0.002856	 -0.003778	 0.037653	
9.695733	 10.927915	 9.413677	 0.002838	 -0.002685	 0.025945	
9.009808	 9.613965	 9.550219	 0.005219	 -0.004174	 0.053878	
9.255280	 9.852107	 9.794575	 0.005530	 -0.005200	 0.045689	
9.202756	 10.016008	 10.664123	 0.004214	 -0.003315	 0.075659	
10.044964	 11.113954	 11.526449	 0.004095	 -0.005399	 0.044819	
10.154978	 11.540196	 10.200601	 0.002789	 -0.003299	 0.044796	
9.783166	 10.646621	 11.109162	 0.004873	 -0.006195	 0.059843	
9.524677	 10.532603	 9.999380	 0.003430	 -0.002670	 0.056761	
9.962311	 11.018476	 10.860464	 0.003723	 -0.003737	 0.053949	
10.468890	 11.891596	 10.267954	 0.003040	 -0.004055	 0.029889	
9.904633	 10.929980	 11.534022	 0.003511	 -0.002581	 0.050527	
9.570051	 10.435004	 10.559942	 0.004001	 -0.002869	 0.032025	
9.775227	 10.787817	 11.225357	 0.003301	 -0.001426	 0.034235	
9.234666	 9.794241	 10.863253	 0.004742	 -0.000507	 0.070305	
9.308596	 10.091837	 10.652069	 0.003198	 0.002086	 0.039620	
8.843242	 9.337924	 10.127982	 0.005214	 -0.002140	 0.080065	
10.496743	 11.628691	 11.833020	 0.003919	 -0.004961	 0.033421	
9.843237	 10.967807	 10.988407	 0.002855	 -0.001160	 0.045647	
10.282649	 11.857744	 10.850940	 0.002301	 -0.002786	 0.046953	
9.998095	 11.196812	 11.320790	 0.003124	 -0.003034	 0.038552	
10.123363	 11.140799	 11.365987	 0.004333	 -0.005604	 0.035816	
10.227303	 11.506861	 10.770739	 0.003314	 -0.004171	 0.035833	
10.663456	 12.107879	 11.143888	 0.003021	 -0.003949	 0.042851	
8.827806	 9.459064	 9.395758	 0.004273	 -0.000607	 0.041713	
9.331679	 10.133214	 9.951933	 0.003666	 -0.000314	 0.030647	
9.214082	 10.006738	 10.761847	 0.003926	 -0.001718	 0.051824	
10.416492	 12.068176	 10.385766	 0.002270	 -0.003051	 0.041827	
9.568955	 10.357213	 9.993512	 0.005052	 -0.006171	 0.039152	
9.671595	 10.685537	 11.162417	 0.003011	 -0.000307	 0.037822	
9.727201	 10.506554	 10.930932	 0.004272	 -0.002366	 0.061589	
9.268973	 9.749203	 11.026368	 0.005494	 -0.002557	 0.063318	
9.448886	 10.045726	 10.938607	 0.005074	 -0.002995	 0.058124	
10.054267	 11.567549	 9.523491	 0.002225	 -0.002382	 0.039146	
9.515821	 10.606083	 10.010353	 0.003094	 -0.002266	 0.039336	
9.412493	 10.158239	 10.534834	 0.004881	 -0.004861	 0.040715	
9.209598	 9.791325	 10.579554	 0.005300	 -0.004115	 0.077412	
8.876486	 9.515838	 10.666437	 0.004317	 -0.001228	 0.054668	
10.223979	 11.546066	 10.436980	 0.003210	 -0.004216	 0.044460	
9.386777	 10.080603	 11.026248	 0.004668	 -0.003129	 0.057479	
9.460519	 10.354328	 10.875159	 0.003006	 0.001121	 0.043413	
9.828581	 11.053904	 10.107817	 0.002886	 -0.002631	 0.027210	
9.756249	 10.934654	 10.544300	 0.002860	 -0.002076	 0.051817	
10.271352	 11.523868	 11.297296	 0.003550	 -0.004830	 0.038157	
8.753077	 9.319768	 10.557543	 0.003673	 0.003631	 0.078781	
9.951270	 11.185825	 9.799090	 0.002985	 -0.002842	 0.023545	
9.360792	 10.011680	 10.392050	 0.003992	 0.001139	 0.049306	
9.066563	 9.739599	 9.872816	 0.004601	 -0.002618	 0.037724	
9.710061	 10.651913	 11.147004	 0.003754	 -0.002495	 0.045352	
9.589629	 10.608172	 10.967621	 0.003581	 -0.003105	 0.059339	
10.426424	 11.576149	 11.210238	 0.003810	 -0.004706	 0.042787	
9.728476	 10.925790	 10.676372	 0.002840	 -0.002322	 0.047824	
10.500547	 11.789308	 11.308359	 0.003329	 -0.004027	 0.053141	
8.714130	 9.291547	 9.334376	 0.004041	 0.001617	 0.037445	
9.621355	 10.048162	 10.418569	 0.006396	 -0.005810	 0.031442	
10.469118	 11.844424	 11.154151	 0.003217	 -0.004422	 0.039443	
9.918573	 11.339185	 10.489588	 0.002403	 -0.002511	 0.055738	
9.442832	 10.362861	 9.802906	 0.003812	 -0.002985	 0.033863	
9.109772	 9.725624	 10.533837	 0.005002	 -0.003199	 0.064409	
9.710809	 10.851646	 10.663411	 0.003471	 -0.004029	 0.043185	
9.723021	 11.040547	 10.933882	 0.002640	 -0.002689	 0.049501	
10.140344	 11.355569	 10.423199	 0.003537	 -0.004592	 0.038475	
8.945263	 9.485522	 10.900851	 0.004856	 -0.001316	 0.057601	
9.796697	 10.667464	 10.304851	 0.004117	 -0.002963	 0.025619	
10.074100	 11.432946	 11.790851	 0.002514	 -0.002041	 0.051711	
10.078330	 10.983275	 11.571315	 0.004604	 -0.005386	 0.047039	
10.057949	 11.195829	 11.362263	 0.003844	 -0.005093	 0.040425	
9.936755	 11.277217	 9.964556	 0.002436	 -0.001748	 0.030919	
10.133377	 11.648854	 10.449252	 0.002351	 -0.002729	 0.030259	
10.382770	 11.653198	 10.530342	 0.003499	 -0.004608	 0.048081	
9.247844	 9.765737	 10.511888	 0.005940	 -0.005497	 0.063091	
9.774302	 10.825300	 10.366815	 0.003417	 -0.002638	 0.030532	
9.610849	 10.453667	 10.627447	 0.004184	 -0.003317	 0.035612	
10.169509	 11.329710	 10.644054	 0.003659	 -0.004503	 0.029955	
9.504326	 10.504781	 10.606154	 0.003401	 -0.002500	 0.060221	
9.220639	 10.015020	 10.978830	 0.004010	 -0.002097	 0.066045	
9.445735	 10.283373	 10.467912	 0.004267	 -0.003790	 0.053278	
9.811933	 10.543078	 10.658216	 0.005060	 -0.005149	 0.041268	
10.229438	 11.642742	 10.333547	 0.002901	 -0.003795	 0.040144	
10.191187	 11.373811	 11.482726	 0.003402	 -0.003539	 0.037245	
9.201956	 9.784932	 11.160664	 0.004570	 -0.000223	 0.054392	
9.928542	 11.289636	 11.167283	 0.002563	 -0.002489	 0.053047	
10.099382	 11.187875	 10.964622	 0.003711	 -0.003844	 0.050478	
9.940167	 10.992117	 10.889387	 0.003558	 -0.003120	 0.046219	
10.001329	 11.022466	 10.725794	 0.004287	 -0.005677	 0.041359	
10.001874	 11.273799	 9.780123	 0.003081	 -0.003533	 0.027229	
9.194470	 9.896901	 11.134184	 0.004694	 -0.003736	 0.060359	
9.822102	 11.183412	 10.935641	 0.002525	 -0.002628	 0.053549	
9.845600	 11.124582	 10.575424	 0.002802	 -0.002753	 0.050242	
9.533490	 10.417739	 10.535705	 0.004422	 -0.004868	 0.042545	
10.208171	 11.492385	 10.466945	 0.003038	 -0.003227	 0.032604	
9.933065	 11.143017	 10.436985	 0.003019	 -0.002828	 0.053725	
10.569756	 11.851014	 10.469595	 0.003492	 -0.004543	 0.022486	
9.781379	 10.554228	 11.396906	 0.004927	 -0.005061	 0.056991	
9.327281	 9.805347	 10.834938	 0.006136	 -0.005812	 0.045563	
9.929555	 11.270707	 9.878165	 0.002633	 -0.002591	 0.033222	
9.989591	 11.397941	 9.875462	 0.002386	 -0.002202	 0.033603	
9.269059	 9.820344	 9.950665	 0.005407	 -0.003811	 0.035729	
9.361750	 9.725281	 11.320710	 0.006870	 -0.006825	 0.051334	
10.238387	 11.620924	 10.561183	 0.002974	 -0.003861	 0.048951	
9.629453	 10.479319	 10.979379	 0.004299	 -0.003803	 0.042664	
9.476393	 10.139597	 11.252414	 0.004885	 -0.003257	 0.050536	
9.182415	 9.835453	 11.133002	 0.005207	 -0.004925	 0.066650	
9.600742	 10.239576	 10.973755	 0.005243	 -0.004354	 0.041952	
10.575798	 11.967638	 11.076823	 0.003197	 -0.004319	 0.043764	
9.624140	 10.466305	 9.984315	 0.004302	 -0.003502	 0.037850	
9.205403	 9.663657	 9.802206	 0.006073	 -0.005031	 0.034270	
10.027165	 10.992743	 10.969377	 0.003994	 -0.003594	 0.030873	
9.993650	 11.137735	 10.478994	 0.003442	 -0.003520	 0.030520	
10.162271	 11.592555	 10.448648	 0.002610	 -0.002998	 0.047155	
10.069970	 11.431779	 11.173813	 0.002434	 -0.001892	 0.035855	
9.483352	 10.154356	 11.454635	 0.004594	 -0.001818	 0.047966	
9.257565	 9.775486	 10.394138	 0.005033	 -0.001086	 0.047303	
9.723002	 10.632548	 10.422775	 0.004243	 -0.004208	 0.031954	
9.205090	 9.766054	 10.654466	 0.005182	 -0.003048	 0.055375	
9.559231	 10.196509	 10.710278	 0.005218	 -0.004209	 0.042185	
10.062555	 11.142431	 10.617063	 0.003418	 -0.002606	 0.039844	
10.110911	 11.557864	 9.640828	 0.002603	 -0.003222	 0.028224	
9.935317	 11.250802	 10.408114	 0.002896	 -0.003329	 0.046142	
9.455938	 10.084175	 10.031284	 0.005213	 -0.004196	 0.025477	
10.264993	 11.502864	 10.741099	 0.003307	 -0.003668	 0.031709	
10.317736	 11.844235	 10.597468	 0.002392	 -0.002794	 0.033677	
9.881764	 11.002207	 11.221989	 0.003384	 -0.003315	 0.046975	
9.327282	 9.512930	 10.387971	 0.008294	 -0.009337	 0.059895	
9.129112	 9.621322	 10.125538	 0.005704	 -0.004093	 0.066407	
9.786776	 11.094966	 10.364401	 0.002728	 -0.002870	 0.035390	
9.658073	 10.558143	 11.292819	 0.003887	 -0.002494	 0.042409	
9.846874	 11.108260	 10.069433	 0.002859	 -0.002731	 0.039328	
10.408825	 11.825027	 10.786571	 0.003015	 -0.004051	 0.033453	
10.677623	 12.025414	 11.365560	 0.003334	 -0.004436	 0.030771	
8.824741	 9.482887	 10.081449	 0.003562	 0.002291	 0.042985	
10.224166	 11.084096	 10.324953	 0.004820	 -0.005739	 0.023668	
10.640385	 12.010966	 10.744133	 0.003233	 -0.004267	 0.026559	
9.936533	 11.322886	 10.261799	 0.002415	 -0.002221	 0.035044	
9.584628	 10.362653	 11.313647	 0.003956	 -0.000930	 0.048451	
10.137837	 11.232485	 11.290692	 0.003715	 -0.004026	 0.047505	
9.955785	 11.348515	 10.962067	 0.002470	 -0.002454	 0.039062	
10.484913	 12.027716	 10.514779	 0.002631	 -0.003489	 0.032433	
9.375768	 9.812022	 10.434458	 0.006866	 -0.008297	 0.052839	
9.180134	 9.845378	 10.823554	 0.004829	 -0.003388	 0.058114	
9.549548	 10.561125	 10.845467	 0.003014	 -0.000682	 0.044604	
10.062775	 11.327858	 10.301923	 0.002946	 -0.002757	 0.031648	
9.956608	 11.406190	 10.850629	 0.002392	 -0.002671	 0.047725	
10.008055	 11.223818	 10.615762	 0.003039	 -0.002862	 0.049569	
9.312582	 9.952426	 10.000041	 0.004524	 -0.001433	 0.036650	
9.467314	 10.378457	 11.127045	 0.003221	 0.000057	 0.041217	
10.283714	 11.674194	 10.645940	 0.003007	 -0.003872	 0.030282	
9.661501	 10.298027	 11.114592	 0.005108	 -0.003615	 0.057080	
9.609691	 10.614536	 10.362600	 0.003738	 -0.003685	 0.037618	
9.428182	 10.221299	 10.565990	 0.004030	 -0.001865	 0.061065	
9.348086	 9.832211	 10.887798	 0.006218	 -0.006244	 0.055383	
10.350040	 11.482441	 10.578091	 0.003908	 -0.005049	 0.037752	
9.303058	 10.120045	 9.836259	 0.003564	 -0.000230	 0.038858	
10.177999	 11.356009	 11.441767	 0.003706	 -0.004721	 0.052740	
9.908316	 10.720795	 11.507301	 0.004969	 -0.005953	 0.049361	
9.276604	 9.918650	 9.923429	 0.005288	 -0.005138	 0.044024	
9.450967	 9.968524	 10.928701	 0.005989	 -0.005882	 0.048751	
9.576782	 10.328484	 9.933322	 0.005182	 -0.006268	 0.042836	
10.277212	 11.742499	 10.285937	 0.002561	 -0.002949	 0.032622	
10.320436	 11.847113	 10.806430	 0.002611	 -0.003511	 0.045984	
10.486834	 11.881965	 10.609622	 0.003032	 -0.003797	 0.026438	
9.791316	 10.731945	 10.580217	 0.004100	 -0.004153	 0.041115	
9.535388	 10.341195	 10.271919	 0.004639	 -0.004549	 0.032567	
9.912404	 11.045719	 11.037313	 0.003348	 -0.003290	 0.062526	
9.374147	 10.287952	 9.998991	 0.003971	 -0.003618	 0.044243	
9.802378	 10.942854	 9.658452	 0.003475	 -0.003885	 0.037255	
10.072608	 11.304209	 9.889095	 0.003436	 -0.004337	 0.030572	
9.191326	 10.105010	 9.813308	 0.003455	 -0.001934	 0.045417	
9.011084	 9.702557	 9.475051	 0.004107	 -0.000946	 0.035340	
9.689468	 10.387125	 11.262458	 0.005204	 -0.005377	 0.049842	
10.131667	 11.574301	 11.011984	 0.002570	 -0.002972	 0.047633	
10.578289	 12.088930	 10.063302	 0.002860	 -0.003951	 0.028277	
9.293103	 9.826306	 9.831935	 0.006248	 -0.007275	 0.048869	
9.681765	 10.773377	 11.275128	 0.003459	 -0.003483	 0.060639	
10.069451	 11.451202	 10.424556	 0.002637	 -0.002743	 0.052605	
9.811912	 10.991786	 10.328712	 0.003084	 -0.002870	 0.031154	
10.183433	 11.646365	 10.423498	 0.002506	 -0.002855	 0.027511	
10.095231	 11.601175	 10.039007	 0.002338	 -0.002766	 0.047386	
9.510350	 10.490999	 10.307032	 0.003823	 -0.003854	 0.049925	
9.283574	 9.766842	 10.976440	 0.005623	 -0.003406	 0.043197	
10.298402	 11.569218	 10.495185	 0.003432	 -0.004438	 0.042879	
9.529830	 10.023059	 10.439846	 0.006455	 -0.007333	 0.037113	
10.158435	 11.448751	 9.922435	 0.002986	 -0.003054	 0.029195	
9.396093	 10.182144	 10.333216	 0.004717	 -0.004842	 0.055531	
9.138838	 9.820125	 10.171784	 0.004706	 -0.003257	 0.059425	
9.488679	 10.293225	 10.498246	 0.004134	 -0.002546	 0.067409	
9.139312	 9.763962	 10.401523	 0.004564	 -0.001239	 0.062090	
9.610909	 10.788261	 11.035896	 0.002749	 -0.001895	 0.058054	
10.101676	 11.450359	 10.355389	 0.002885	 -0.003318	 0.051650	
9.028064	 9.426807	 10.958125	 0.006039	 -0.003201	 0.065509	
9.815755	 11.014168	 10.051277	 0.002695	 -0.001493	 0.031088	
9.055276	 9.592349	 10.745621	 0.005392	 -0.003525	 0.055603	
10.174890	 11.420428	 11.801231	 0.003446	 -0.004437	 0.054712	
10.330092	 11.689632	 10.080329	 0.003183	 -0.004237	 0.026528	
8.996864	 9.672249	 10.420501	 0.004406	 -0.002042	 0.070815	
10.273833	 11.509079	 10.369249	 0.003475	 -0.004334	 0.044435	
9.595097	 10.457229	 9.877452	 0.004009	 -0.002707	 0.025007	
9.384023	 10.242755	 10.280333	 0.003424	 -0.000135	 0.038939	
10.276465	 11.732595	 11.144642	 0.002730	 -0.003470	 0.048211	
10.080750	 11.263822	 10.811792	 0.003161	 -0.002818	 0.046351	
9.238216	 10.058269	 9.329950	 0.004208	 -0.003394	 0.029261	
9.559914	 10.351065	 11.069393	 0.003774	 -0.000489	 0.042074	
9.972374	 11.184524	 11.040639	 0.003319	 -0.003838	 0.047471	
9.055749	 9.788511	 9.823356	 0.003985	 -0.001273	 0.051532	
9.285553	 10.169547	 9.810607	 0.003081	 0.000794	 0.041574	
9.364815	 10.216069	 9.712904	 0.004208	 -0.003725	 0.039460	
10.222582	 11.539947	 11.277530	 0.003023	 -0.003469	 0.031506	
9.897158	 10.787000	 10.701526	 0.004614	 -0.005335	 0.038608	
9.605574	 10.273065	 10.214584	 0.004830	 -0.002755	 0.027285	
10.111775	 11.128320	 10.690055	 0.003873	 -0.003824	 0.026138	
10.097209	 11.600718	 9.457744	 0.002255	 -0.002375	 0.025049	
9.134080	 9.572192	 10.777159	 0.005889	 -0.003555	 0.052636	
9.817580	 10.593782	 10.793679	 0.004666	 -0.004082	 0.043980	
10.005762	 11.278359	 11.484271	 0.002585	 -0.001609	 0.040095	
9.622646	 10.661095	 9.933180	 0.003143	 -0.001596	 0.028978	
9.690242	 10.022299	 10.681425	 0.007366	 -0.008245	 0.035482	
9.112514	 9.885426	 10.691524	 0.003934	 -0.001587	 0.050862	
9.277423	 9.969242	 10.611101	 0.004807	 -0.003741	 0.052975	
9.710669	 10.516577	 10.120983	 0.005040	 -0.006386	 0.047077	
9.283115	 10.017251	 10.280625	 0.003269	 0.002827	 0.036122	
10.248958	 11.359640	 11.272411	 0.003677	 -0.003771	 0.039404	
10.150814	 11.475521	 10.385882	 0.003198	 -0.004248	 0.051541	
9.648536	 10.656705	 11.080642	 0.003900	 -0.004233	 0.059233	
10.631750	 12.094109	 11.589598	 0.002974	 -0.004000	 0.042744	
10.038080	 11.529418	 9.419829	 0.002319	 -0.002675	 0.030369	
9.635060	 10.643434	 9.675396	 0.003912	 -0.004325	 0.031118	
9.745045	 10.613664	 11.025758	 0.004339	 -0.004203	 0.036471	
9.231537	 9.979012	 10.850080	 0.004312	 -0.002641	 0.065488	
9.449244	 10.145085	 10.035483	 0.004816	 -0.003810	 0.034313	
9.732569	 10.831607	 9.877493	 0.003494	 -0.003742	 0.032522	
8.877253	 9.415706	 9.900845	 0.004707	 -0.000527	 0.060012	
9.390727	 9.893460	 10.300610	 0.006319	 -0.007087	 0.048142	
10.260974	 11.446813	 10.961271	 0.003439	 -0.003728	 0.032161	
9.433325	 10.145278	 10.198304	 0.005043	 -0.005125	 0.042849	
9.359529	 10.096857	 10.326382	 0.004168	 -0.001448	 0.029254	
9.605005	 10.761531	 9.533982	 0.002895	 -0.002091	 0.024783	
9.376554	 9.981183	 10.340881	 0.005398	 -0.004665	 0.043754	
9.434478	 10.515796	 9.973592	 0.003073	 -0.002208	 0.046361	
9.224842	 9.687276	 10.468475	 0.006058	 -0.005158	 0.054280	
9.633158	 10.476098	 10.510547	 0.004698	 -0.005372	 0.062882	
10.344486	 11.899491	 10.365048	 0.002383	 -0.002922	 0.030581	
9.911733	 10.854294	 11.089435	 0.004073	 -0.003894	 0.036622	
10.612398	 12.150379	 11.855115	 0.002828	 -0.003971	 0.053568	
10.180107	 11.168343	 11.050841	 0.004113	 -0.004321	 0.031425	
10.010182	 11.179892	 10.157440	 0.003389	 -0.003615	 0.036550	
9.406890	 9.951661	 10.622553	 0.005948	 -0.006096	 0.071409	
9.110619	 9.858820	 10.025393	 0.004047	 -0.001700	 0.042644	
9.299770	 9.667454	 11.567191	 0.006581	 -0.005425	 0.064476	
9.120784	 9.715833	 10.818940	 0.005360	 -0.004816	 0.064428	
9.777714	 11.071389	 10.868038	 0.002720	 -0.002773	 0.053090	
9.370150	 10.401282	 10.154570	 0.003175	 -0.002013	 0.056275	
9.861084	 10.570548	 10.265330	 0.005449	 -0.006424	 0.027494	
9.462850	 10.207205	 10.338728	 0.004424	 -0.002724	 0.029376	
9.322746	 10.101011	 10.688678	 0.004516	 -0.003975	 0.051732	
10.239857	 11.878874	 10.525454	 0.002149	 -0.002764	 0.051133	
8.841980	 9.541266	 9.841275	 0.003753	 0.000268	 0.049596	
9.768457	 10.816120	 11.399341	 0.003412	 -0.002501	 0.049547	
10.017551	 11.432989	 9.720654	 0.002386	 -0.002285	 0.024878	
10.584822	 11.965075	 10.655669	 0.003185	 -0.004226	 0.043785	
9.980676	 11.110615	 11.148180	 0.003637	 -0.004200	 0.042944	
8.828702	 9.504135	 10.563733	 0.003722	 0.000651	 0.060476	
9.843351	 10.789725	 10.537200	 0.003722	 -0.002357	 0.028275	
10.329058	 11.640258	 10.616723	 0.003045	 -0.003425	 0.028507	
9.485757	 10.157021	 11.029908	 0.004842	 -0.003252	 0.036357	
9.466988	 10.497072	 10.050134	 0.002946	 -0.000842	 0.033346	
9.632269	 10.496963	 11.172748	 0.004282	 -0.003950	 0.047185	
9.238608	 9.814358	 10.605290	 0.005701	 -0.005563	 0.062068	
9.654938	 10.706454	 10.133723	 0.003064	 -0.001237	 0.028773	
9.298343	 10.254145	 9.401284	 0.003501	 -0.002623	 0.034358	
10.486923	 12.033353	 11.599708	 0.002714	 -0.003755	 0.050738	
9.333300	 9.579153	 10.481207	 0.007523	 -0.007149	 0.059813	
8.952455	 9.382756	 10.589174	 0.005412	 -0.001135	 0.047180	
9.429702	 10.225684	 11.243710	 0.004028	 -0.001975	 0.048760	
9.731260	 10.822910	 10.943799	 0.003544	 -0.003796	 0.039514	
8.858650	 9.519028	 10.240629	 0.003766	 0.001165	 0.060772	
9.513464	 10.434661	 10.882996	 0.003912	 -0.003449	 0.050103	
10.506935	 11.849060	 10.476690	 0.003353	 -0.004540	 0.026621	
8.964588	 9.777058	 9.616797	 0.003562	 -0.001007	 0.060801	
9.470757	 10.259953	 10.262863	 0.003721	 0.000049	 0.030339	
9.435212	 10.280411	 10.277932	 0.004321	 -0.004206	 0.052515	
9.972038	 11.114259	 10.910941	 0.002986	 -0.001793	 0.049830	
9.741318	 10.669618	 10.498856	 0.003586	 -0.001716	 0.035995	
9.383131	 10.157463	 10.464444	 0.004010	 -0.001256	 0.038873	
9.817970	 11.142654	 10.377829	 0.002685	 -0.002836	 0.054566	
10.027964	 11.384722	 11.149890	 0.002575	 -0.002376	 0.056223	
10.058106	 11.433941	 11.534562	 0.002612	 -0.002625	 0.058395	
9.977617	 11.191198	 10.223669	 0.003284	 -0.003719	 0.045300	
9.465282	 10.023995	 11.003904	 0.005925	 -0.006274	 0.052812	
10.715106	 12.211203	 11.357699	 0.002865	 -0.003806	 0.030962	
9.839148	 10.760018	 11.075879	 0.004326	 -0.004700	 0.039959	
10.194546	 11.368249	 10.912694	 0.003680	 -0.004682	 0.036143	
9.772093	 10.563384	 11.570856	 0.004658	 -0.004125	 0.043978	
10.103932	 11.477814	 11.096713	 0.002766	 -0.003179	 0.044073	
9.997859	 11.256176	 10.644777	 0.003019	 -0.003253	 0.030536	
9.922073	 11.052122	 10.405434	 0.003245	 -0.002656	 0.035979	
8.816209	 9.325478	 10.081298	 0.005003	 -0.001642	 0.067515	
9.523898	 9.901716	 10.049796	 0.007140	 -0.008262	 0.027273	
10.183978	 11.690865	 10.276894	 0.002372	 -0.002655	 0.038257	
9.938551	 11.234486	 10.317524	 0.002930	 -0.003344	 0.048570	
9.948059	 10.921255	 10.666957	 0.003858	 -0.003143	 0.037546	
9.913107	 10.842890	 10.253706	 0.004604	 -0.006007	 0.037041	
10.264659	 11.610959	 10.643869	 0.002942	 -0.003393	 0.026716	
9.860002	 11.144233	 10.184866	 0.002764	 -0.002619	 0.031125	
9.438229	 10.226716	 10.456636	 0.003530	 0.000721	 0.054499	
9.183114	 9.992772	 10.172481	 0.003763	 -0.001509	 0.042416	
9.461233	 10.157409	 10.818820	 0.004666	 -0.002782	 0.053019	
9.417296	 9.859301	 10.622614	 0.006176	 -0.004638	 0.069855	
9.812632	 10.990640	 9.852342	 0.003233	 -0.003410	 0.042301	
10.361907	 11.719550	 10.726333	 0.003135	 -0.004021	 0.042531	
10.269868	 11.603649	 11.643632	 0.002897	 -0.003044	 0.044586	
10.115239	 11.190765	 10.879481	 0.004133	 -0.005441	 0.046312	
10.126913	 11.302879	 10.986861	 0.003416	 -0.003766	 0.032124	
9.784036	 10.534937	 11.675259	 0.004724	 -0.003784	 0.044225	
9.780152	 10.519238	 11.592637	 0.005307	 -0.006354	 0.057495	
10.563095	 11.953429	 10.376601	 0.003111	 -0.004047	 0.029094	
8.976885	 9.397001	 10.279689	 0.005819	 -0.003042	 0.051986	
9.799709	 10.859520	 11.560120	 0.003839	 -0.004558	 0.057801	
9.174647	 9.521851	 10.030324	 0.006978	 -0.006880	 0.038545	
10.607148	 12.092752	 11.548281	 0.002916	 -0.003932	 0.054841	
9.569999	 10.795519	 9.342528	 0.002703	 -0.002269	 0.030289	
9.578962	 10.439211	 10.743698	 0.004328	 -0.004219	 0.046958	
9.535910	 10.525368	 10.752347	 0.003136	 -0.000966	 0.058084	
9.766211	 10.792306	 10.686631	 0.003576	 -0.002970	 0.029120	
9.914205	 11.107499	 10.040420	 0.003205	 -0.003401	 0.032400	
10.053187	 11.013634	 10.226995	 0.004131	 -0.004207	 0.026192	
10.375000	 11.900221	 11.163935	 0.002649	 -0.003572	 0.049931	
9.832669	 11.163186	 10.103717	 0.002555	 -0.002350	 0.037872	
9.110740	 9.770973	 9.607846	 0.004578	 -0.002296	 0.035399	
10.416005	 11.913754	 10.676801	 0.002813	 -0.003878	 0.045733	
9.128296	 9.755044	 10.933626	 0.005332	 -0.005070	 0.057504	
10.480545	 11.860699	 11.563546	 0.003089	 -0.003891	 0.050477	
9.516623	 10.323076	 10.012696	 0.004233	 -0.002802	 0.028703	
9.202299	 9.834205	 10.039971	 0.004878	 -0.003012	 0.052114	
9.298944	 10.072183	 10.431052	 0.003759	 -0.000348	 0.067239	
9.607692	 10.483641	 10.424620	 0.003990	 -0.002936	 0.037327	
9.017234	 9.585351	 9.752785	 0.004648	 -0.000869	 0.047734	
9.064902	 9.641183	 10.445206	 0.004996	 -0.002616	 0.044078	
10.706505	 12.165946	 11.252304	 0.003012	 -0.004007	 0.041145	
9.465657	 10.495382	 9.992292	 0.003264	 -0.002392	 0.052601	
9.891488	 10.877363	 10.372937	 0.004300	 -0.005436	 0.036794	
9.082670	 9.872109	 9.920906	 0.003723	 -0.000911	 0.046168	
9.776353	 10.884834	 10.367134	 0.003009	 -0.001724	 0.050466	
10.367920	 11.574027	 11.032794	 0.003675	 -0.004818	 0.050953	
9.228834	 9.956245	 10.241790	 0.004241	 -0.001873	 0.040510	
9.868902	 10.916106	 11.435155	 0.003478	 -0.002697	 0.047902	
9.293748	 10.052115	 10.621130	 0.003442	 0.001339	 0.044366	
9.245329	 9.640521	 10.731549	 0.006598	 -0.005833	 0.061255	
10.638561	 11.987990	 11.887333	 0.003201	 -0.003966	 0.042745	
9.918702	 11.049453	 10.265327	 0.003255	 -0.002700	 0.023599	
9.429431	 10.297833	 10.889535	 0.003757	 -0.002078	 0.044333	
9.921228	 11.071425	 10.111528	 0.003220	 -0.002903	 0.030655	
9.314487	 10.234580	 9.687081	 0.003168	 -0.000499	 0.040971	
9.037904	 9.531956	 10.806195	 0.005164	 -0.001515	 0.061279	
9.728576	 10.678421	 10.496163	 0.004096	 -0.004320	 0.053147	
10.059159	 11.417646	 11.928120	 0.002789	 -0.003158	 0.062428	
9.693476	 10.593379	 10.816883	 0.003617	 -0.001218	 0.034922	
9.172008	 9.791383	 11.029607	 0.004361	 -0.000161	 0.048648	
9.336418	 9.753887	 11.179687	 0.007021	 -0.008552	 0.061665	
9.301822	 9.878050	 10.677879	 0.005528	 -0.004786	 0.047584	
9.116152	 9.843316	 9.756061	 0.003934	 -0.000708	 0.052329	
9.507376	 10.643305	 9.601032	 0.003091	 -0.002815	 0.044985	
9.826722	 10.981403	 9.870234	 0.003375	 -0.003780	 0.043986	
10.537447	 12.082057	 10.867019	 0.002640	 -0.003478	 0.041625	
9.218379	 9.725261	 10.968490	 0.005129	 -0.001511	 0.042941	
9.563686	 10.629439	 10.047920	 0.003316	 -0.002737	 0.040437	
9.708766	 10.954277	 10.341640	 0.002694	 -0.002258	 0.031658	
9.610762	 10.623255	 10.526614	 0.003625	 -0.003408	 0.035555	
9.920634	 11.089539	 10.328248	 0.003245	 -0.003302	 0.042802	
9.705089	 10.308957	 10.864692	 0.005922	 -0.006882	 0.046937	
10.054958	 11.230505	 10.535722	 0.003696	 -0.004848	 0.037253	
9.508200	 10.402763	 11.224151	 0.004327	 -0.004731	 0.066227	
9.764041	 10.519872	 10.192974	 0.005203	 -0.006272	 0.032010	
9.676396	 10.252057	 10.480011	 0.005718	 -0.005571	 0.034529	
9.947446	 11.023788	 9.887602	 0.003468	 -0.003041	 0.021050	
9.305361	 9.972196	 10.294233	 0.004913	 -0.003670	 0.035204	
9.283294	 10.277151	 10.020712	 0.003345	 -0.002402	 0.038964	
10.626507	 12.066281	 10.590803	 0.003096	 -0.004251	 0.043506	
9.297228	 9.760270	 10.238793	 0.005542	 -0.002364	 0.036020	
9.226559	 9.972517	 10.811182	 0.004584	 -0.003985	 0.059330	
8.852946	 9.373673	 10.492710	 0.005182	 -0.002312	 0.075934	
9.601736	 10.467920	 10.459588	 0.004062	 -0.003018	 0.059785	
9.806302	 10.893038	 10.914694	 0.003311	 -0.002521	 0.043161	
9.473179	 10.005176	 10.506808	 0.006076	 -0.006318	 0.067771	
9.508182	 10.243688	 10.514292	 0.005078	 -0.005394	 0.049307	
9.363388	 10.140817	 9.843082	 0.003799	 -0.000483	 0.027737	
9.082986	 9.649032	 10.191288	 0.004893	 -0.001507	 0.049743	
9.009015	 9.571370	 10.597529	 0.005383	 -0.004227	 0.082186	
9.990740	 11.050745	 11.259384	 0.003724	 -0.003844	 0.035478	
9.957342	 11.228969	 9.598527	 0.003177	 -0.003906	 0.028428	
10.198093	 11.755927	 10.711421	 0.002232	 -0.002603	 0.035320	
9.802071	 10.896009	 11.237120	 0.003614	 -0.004065	 0.049808	
9.163951	 10.076186	 9.762658	 0.003427	 -0.001728	 0.055439	
10.732469	 12.281264	 10.720457	 0.002796	 -0.003885	 0.043462	
9.559079	 9.988237	 10.258677	 0.006634	 -0.006766	 0.028500	
9.103886	 9.693303	 9.969029	 0.004393	 0.000283	 0.032142	
10.019518	 11.062023	 10.538567	 0.004237	 -0.005615	 0.038130	
9.915944	 10.447704	 10.523743	 0.006205	 -0.007011	 0.028089	
10.015958	 11.335384	 10.333493	 0.002590	 -0.002156	 0.043400	
9.914237	 11.006284	 11.360157	 0.003651	 -0.004062	 0.059175	
9.954176	 11.130976	 9.820553	 0.003348	 -0.003689	 0.033085	
9.187584	 9.968649	 10.000398	 0.003955	 -0.001821	 0.042956	
10.035715	 11.114367	 11.312894	 0.003579	 -0.003430	 0.046549	
9.661746	 10.599836	 10.183580	 0.004038	 -0.003831	 0.032688	
9.969002	 11.027828	 11.112008	 0.003661	 -0.003493	 0.035833	
9.723333	 10.958147	 9.829053	 0.002779	 -0.002369	 0.031547	
9.916421	 10.789857	 10.665491	 0.004796	 -0.006071	 0.060487	
9.342097	 10.139109	 10.412067	 0.004355	 -0.003598	 0.069281	
9.360612	 9.846394	 10.464301	 0.005788	 -0.004258	 0.044776	
9.566822	 10.551119	 10.769447	 0.003540	 -0.002494	 0.049287	
9.797259	 10.871388	 10.200718	 0.003799	 -0.004605	 0.038483	
9.502581	 10.435629	 9.938780	 0.003913	 -0.003527	 0.044784	
10.204533	 11.468206	 10.414847	 0.003477	 -0.004679	 0.040086	
9.123807	 9.755530	 9.848159	 0.004522	 -0.001145	 0.028527	
9.641225	 10.772394	 10.786662	 0.002760	 -0.001228	 0.064020	
9.703892	 10.717996	 11.438622	 0.003275	 -0.001691	 0.047680	
9.178605	 9.689189	 11.030941	 0.005495	 -0.003266	 0.052950	
9.556684	 10.332718	 10.109962	 0.005112	 -0.006305	 0.039171	
9.430462	 9.931449	 11.273800	 0.005728	 -0.003881	 0.054672	
9.780292	 11.068112	 9.802756	 0.002710	 -0.002692	 0.029994	
8.986728	 9.452434	 10.447765	 0.005655	 -0.003447	 0.069818	
9.679332	 10.742225	 10.855449	 0.003237	 -0.002144	 0.055899	
9.714997	 10.936225	 10.242153	 0.002819	 -0.002440	 0.045031	
9.549366	 10.440020	 10.435645	 0.003818	 -0.002226	 0.047566	
9.739757	 10.492711	 11.225429	 0.004784	 -0.004322	 0.040072	
9.800397	 10.887920	 10.764768	 0.003417	 -0.003122	 0.037116	
9.518356	 10.381159	 11.153914	 0.003598	 -0.000940	 0.038867	
8.952418	 9.540804	 9.848669	 0.004304	 0.000408	 0.046095	
9.684530	 10.784670	 10.158523	 0.003218	 -0.002653	 0.044050	
9.357819	 10.275373	 10.961230	 0.003292	 -0.000742	 0.043655	
9.496347	 10.134351	 10.862168	 0.005675	 -0.006474	 0.064640	
9.268285	 10.230743	 9.421543	 0.003487	 -0.002581	 0.037335	
9.188289	 9.861102	 10.333727	 0.004621	 -0.002560	 0.073830	
9.058719	 9.774680	 9.863290	 0.003678	 0.000947	 0.030992	
9.657818	 10.275478	 11.343493	 0.005656	 -0.005846	 0.055716	
9.077296	 9.819844	 9.874913	 0.003562	 0.000764	 0.031065	
9.436279	 10.256261	 10.531108	 0.004337	 -0.003759	 0.045848	
9.635305	 10.529103	 10.350012	 0.004242	 -0.004321	 0.041959	
10.059417	 11.207958	 9.882059	 0.003462	 -0.003701	 0.024489	
10.361186	 11.692568	 10.551077	 0.003286	 -0.004352	 0.036896	
9.886788	 11.123102	 11.494670	 0.003016	 -0.003045	 0.056002	
9.850618	 10.705070	 10.307829	 0.004806	 -0.005704	 0.051334	
9.773581	 10.610034	 11.283072	 0.004215	 -0.003109	 0.057637	
10.089748	 11.537132	 9.453039	 0.002606	 -0.003168	 0.025352	
9.961361	 11.029618	 11.607312	 0.003976	 -0.005037	 0.052949	
10.436863	 11.803550	 11.058609	 0.003214	 -0.004342	 0.034196	
9.660280	 10.709034	 10.224891	 0.003741	 -0.004204	 0.039533	
10.318026	 11.531829	 10.644165	 0.003642	 -0.004688	 0.030061	
9.562634	 10.327734	 10.313098	 0.004559	 -0.003550	 0.027962	
9.791541	 10.907915	 10.165579	 0.002875	 -0.001257	 0.028837	
9.548527	 10.499332	 11.380491	 0.003700	 -0.002786	 0.054420	
9.772044	 11.045531	 10.431426	 0.002791	 -0.002733	 0.032235	
9.524824	 10.435662	 11.129795	 0.003191	 0.000108	 0.046241	
9.193957	 9.793245	 10.304712	 0.005237	 -0.003973	 0.078147	
9.822390	 10.851860	 11.197053	 0.003501	 -0.002557	 0.056051	
9.933765	 11.382680	 10.660809	 0.002372	 -0.002620	 0.047707	
9.985834	 11.393979	 11.114629	 0.002393	 -0.002291	 0.044784	
9.493443	 10.390141	 10.829440	 0.004308	 -0.004609	 0.053033	
9.564246	 10.585661	 9.684799	 0.003664	 -0.003559	 0.030663	
9.521380	 10.633917	 10.873860	 0.002833	 -0.001413	 0.039735	
9.569092	 10.147285	 11.152604	 0.005368	 -0.003754	 0.039569	
9.595983	 10.552127	 10.921076	 0.003923	 -0.003838	 0.040820	
8.984340	 9.700573	 9.930039	 0.004108	 -0.001539	 0.072419	
9.527800	 10.156156	 10.664470	 0.005822	 -0.006874	 0.039837	
10.463522	 11.661554	 10.299695	 0.003760	 -0.004905	 0.024430	
10.108009	 11.595054	 10.029901	 0.002325	 -0.002523	 0.032231	
9.270515	 9.980238	 10.401648	 0.004398	 -0.002056	 0.052836	
9.237321	 10.070012	 10.245584	 0.003732	 -0.001742	 0.062946	
9.256347	 9.717627	 10.997814	 0.006375	 -0.006608	 0.073696	
9.898989	 10.532681	 10.725057	 0.005563	 -0.005719	 0.038160	
9.620982	 10.498264	 11.201866	 0.004146	 -0.003617	 0.050694	
9.832025	 10.973601	 11.005939	 0.003293	 -0.003156	 0.059227	
9.662525	 10.285410	 11.769782	 0.005274	 -0.003995	 0.053812	
9.706833	 10.591343	 11.080697	 0.004664	 -0.005840	 0.049620	
9.525536	 10.325669	 10.565476	 0.003891	 -0.001061	 0.067314	
8.864805	 9.564052	 9.265094	 0.004006	 -0.000838	 0.030678	
10.138447	 11.662703	 9.418358	 0.002363	 -0.002892	 0.027599	
9.294049	 10.157185	 9.693164	 0.003506	 -0.000797	 0.027433	
9.896583	 11.086525	 10.560874	 0.003267	 -0.003607	 0.034977	
10.271415	 11.426951	 11.139494	 0.003597	 -0.003978	 0.031509	
10.176896	 11.599824	 9.977672	 0.002653	 -0.003099	 0.038067	
10.178385	 11.347275	 11.006718	 0.003351	 -0.003303	 0.028614	
9.785539	 10.526972	 10.452145	 0.004966	 -0.004855	 0.026999	
9.731300	 10.733459	 11.142284	 0.003147	 -0.000689	 0.033254	
9.343769	 10.242708	 11.106575	 0.003175	 0.000041	 0.058347	
9.718630	 10.846288	 10.975743	 0.003181	 -0.002669	 0.038899	
9.963406	 11.244093	 10.390717	 0.002798	 -0.002656	 0.027690	
9.580003	 10.524238	 10.901620	 0.003446	 -0.001352	 0.056289	
10.683674	 12.248715	 11.597470	 0.002756	 -0.003855	 0.050787	
9.833163	 10.682199	 11.465344	 0.004850	 -0.005951	 0.055566	
9.709949	 10.616430	 10.103176	 0.003998	 -0.003278	 0.040073	
9.508786	 10.179841	 10.996272	 0.004737	 -0.002577	 0.057165	
9.223776	 9.511866	 11.534663	 0.007376	 -0.007429	 0.069907	
9.855039	 11.110181	 9.848767	 0.002956	 -0.003191	 0.029747	
9.616294	 10.404973	 10.780628	 0.004391	 -0.003214	 0.046891	
10.470481	 11.922118	 10.451274	 0.002893	 -0.003817	 0.033282	
9.607877	 10.593794	 11.307845	 0.003211	 -0.001221	 0.053390	
9.923106	 10.625171	 10.652968	 0.005225	 -0.005244	 0.030922	
10.431920	 11.808222	 11.159914	 0.003122	 -0.004086	 0.031766	
9.894556	 11.026577	 11.185593	 0.003590	 -0.004294	 0.043571	
9.792819	 10.918277	 10.377317	 0.003353	 -0.003250	 0.040656	
10.075570	 11.194836	 10.883664	 0.003435	 -0.003164	 0.053615	
9.049106	 9.708837	 10.043015	 0.004328	 -0.001277	 0.053762	
9.764458	 10.864247	 11.097670	 0.003570	 -0.003954	 0.055436	
9.357565	 10.091807	 9.854445	 0.004448	 -0.002759	 0.029929	
9.412122	 10.256033	 10.449305	 0.003744	 -0.001344	 0.039539	
9.311213	 10.239383	 9.622152	 0.003212	 -0.000654	 0.036305	
9.435036	 10.238612	 10.481444	 0.004525	 -0.004157	 0.042927	
9.902243	 11.175526	 9.598472	 0.003021	 -0.003488	 0.033971	
8.719174	 9.335842	 10.494472	 0.003847	 0.001274	 0.074754	
9.385544	 10.122813	 10.187905	 0.004688	 -0.003982	 0.051243	
9.217701	 10.132204	 10.795453	 0.003391	 -0.001504	 0.058553	
9.682885	 10.837555	 10.599838	 0.003226	 -0.003340	 0.038594	
9.471510	 10.346161	 11.134787	 0.004052	 -0.003409	 0.054518	
10.225759	 11.557148	 10.738230	 0.002914	 -0.003067	 0.029108	
9.524336	 10.471277	 10.724632	 0.003864	 -0.003413	 0.048607	
10.036030	 11.077816	 10.777522	 0.004161	 -0.005310	 0.035222	
9.416267	 9.931190	 11.318262	 0.005403	 -0.002564	 0.047506	
9.676383	 10.577433	 10.394911	 0.003789	 -0.002328	 0.048584	
8.768169	 9.417430	 9.218122	 0.003653	 0.001599	 0.032348	
9.921276	 11.122972	 10.543367	 0.002842	 -0.001970	 0.025180	
10.129621	 11.315739	 11.188312	 0.003322	 -0.003328	 0.057877	
9.569769	 10.391500	 9.862194	 0.004642	 -0.004793	 0.038010	
10.102306	 10.980237	 10.899141	 0.004497	 -0.004703	 0.031925	
9.356030	 10.293459	 10.310821	 0.003063	 -0.000068	 0.034416	
8.854899	 9.467045	 9.706273	 0.004659	 -0.002070	 0.050369	
9.226128	 9.552827	 11.028879	 0.007120	 -0.006985	 0.058674	
9.958552	 11.001309	 10.828635	 0.004198	 -0.005589	 0.058316	
9.126008	 9.569485	 10.822754	 0.005598	 -0.002336	 0.043096	
9.815164	 11.015913	 9.691115	 0.003273	 -0.003776	 0.038433	
9.290840	 9.874834	 10.767720	 0.005154	 -0.003336	 0.045683	
9.887970	 10.878171	 11.319270	 0.003516	 -0.002149	 0.033077	
10.083854	 11.517296	 9.923374	 0.002368	 -0.002283	 0.025671	
9.065427	 9.703987	 10.632262	 0.003686	 0.002402	 0.035771	
9.434499	 10.181823	 11.101301	 0.004440	 -0.002780	 0.049592	
10.626668	 12.093251	 10.874630	 0.002955	 -0.003959	 0.033496	
9.835984	 10.829350	 9.946305	 0.004251	 -0.005332	 0.038169	
9.012810	 9.491467	 10.992169	 0.006125	 -0.005684	 0.068428	
10.398933	 11.751834	 11.413630	 0.002988	 -0.003460	 0.040145	
9.562632	 10.158722	 11.652647	 0.005319	 -0.003955	 0.049872	
10.044134	 11.508475	 9.980016	 0.002421	 -0.002814	 0.030328	
9.565297	 10.364247	 11.160971	 0.004268	 -0.002751	 0.050008	
9.255522	 10.026506	 9.777182	 0.004136	 -0.002191	 0.031294	
9.947361	 11.256033	 10.545844	 0.002927	 -0.003311	 0.037544	
10.052939	 11.395387	 10.801269	 0.002848	 -0.003284	 0.032391	
9.748201	 10.790917	 10.034915	 0.003821	 -0.004331	 0.053733	
10.090279	 11.408949	 10.481603	 0.002845	 -0.002877	 0.037171	
9.981427	 11.187757	 11.128562	 0.003251	 -0.003627	 0.044024	
10.321657	 11.639137	 10.250549	 0.003050	 -0.003471	 0.026502	
10.075725	 11.418581	 10.314816	 0.002621	 -0.002350	 0.044930	
9.762618	 10.918031	 10.664118	 0.003229	 -0.003222	 0.053760	
10.267718	 11.392588	 11.647861	 0.003515	 -0.003410	 0.045734	
10.561894	 11.990167	 10.139198	 0.003023	 -0.003944	 0.028024	
9.635834	 10.452456	 10.458097	 0.004414	 -0.003667	 0.038437	
9.012071	 9.680359	 10.056676	 0.003530	 0.002463	 0.053898	
10.156901	 11.354065	 11.189945	 0.003267	 -0.003321	 0.030832	
9.416627	 9.969662	 9.915441	 0.005733	 -0.005081	 0.030364	
9.572009	 10.691861	 9.347842	 0.003207	 -0.003036	 0.030769	
9.248911	 10.030825	 10.752068	 0.003936	 -0.001612	 0.041521	
8.935848	 9.564385	 9.864564	 0.004563	 -0.002090	 0.072261	
9.913709	 10.965613	 11.077994	 0.003592	 -0.003244	 0.043342	
10.123204	 11.395349	 11.500294	 0.002828	 -0.002385	 0.044005	
9.019713	 9.604498	 9.975122	 0.004926	 -0.002671	 0.042835	
10.320181	 11.462435	 10.198008	 0.003878	 -0.004938	 0.026963	
9.933666	 11.076077	 10.403981	 0.003185	 -0.002627	 0.042240	
10.141432	 11.288968	 11.349209	 0.003393	 -0.003219	 0.042394	
9.807977	 11.160944	 9.818414	 0.002616	 -0.002822	 0.047798	
10.256187	 11.440875	 11.550926	 0.003729	 -0.004937	 0.038393	
9.614376	 10.285189	 10.248574	 0.005018	 -0.004117	 0.026990	
9.891957	 10.883168	 11.308793	 0.004069	 -0.004516	 0.043917	
9.487038	 10.479653	 9.753458	 0.003593	 -0.003191	 0.036404	
9.459257	 9.991110	 11.279506	 0.005497	 -0.003690	 0.057291	
9.216336	 10.088902	 10.975047	 0.003695	 -0.002053	 0.063871	
9.030888	 9.804114	 10.761651	 0.003857	 -0.001589	 0.053449	
10.030165	 11.122196	 11.668639	 0.003687	 -0.004052	 0.055879	
8.768570	 9.339930	 10.610182	 0.004447	 -0.000434	 0.056219	
10.482150	 11.734020	 10.937764	 0.003440	 -0.004178	 0.027842	
9.892466	 11.207904	 10.271580	 0.002723	 -0.002767	 0.042396	
9.506908	 10.146475	 10.756690	 0.005217	 -0.004208	 0.044080	
9.346121	 9.675589	 11.234013	 0.007428	 -0.008516	 0.055961	
10.341092	 11.565647	 11.207916	 0.003648	 -0.004827	 0.050170	
9.065831	 9.875821	 9.417219	 0.003694	 -0.001461	 0.047005	
10.112884	 11.290476	 10.339529	 0.003260	 -0.003122	 0.033599	
10.019667	 11.185385	 11.407494	 0.003143	 -0.002693	 0.040156	
9.796912	 11.117605	 9.902487	 0.002568	 -0.002429	 0.045301	
9.583112	 10.212374	 10.627207	 0.005900	 -0.007430	 0.056889	
9.566968	 10.452199	 10.889530	 0.003770	 -0.002030	 0.037864	
9.884803	 10.796574	 11.047540	 0.004112	 -0.003460	 0.042618	
9.773418	 10.865300	 10.486859	 0.003692	 -0.004351	 0.038545	
9.800503	 10.796689	 11.305707	 0.003827	 -0.003625	 0.048198	
9.241183	 10.081192	 9.728350	 0.003925	 -0.002647	 0.051067	
9.489063	 10.603467	 10.407775	 0.002935	 -0.001926	 0.047141	
9.416021	 10.282867	 10.780715	 0.003231	 0.000580	 0.038637	
9.502059	 10.454184	 10.950140	 0.003107	 -0.000092	 0.050761	
9.287638	 9.785691	 10.883566	 0.006019	 -0.005700	 0.052337	
9.477104	 10.342430	 9.977471	 0.004183	 -0.003716	 0.048817	
9.397675	 9.923847	 11.056497	 0.006063	 -0.006250	 0.053071	
10.302002	 11.220072	 10.999158	 0.004677	 -0.005707	 0.041919	
9.315393	 9.929602	 11.016958	 0.004632	 -0.001133	 0.043054	
9.612726	 10.720579	 9.812076	 0.003352	 -0.003376	 0.038204	
10.617663	 12.151402	 10.209446	 0.002815	 -0.003901	 0.030543	
10.268936	 11.733619	 10.761856	 0.002771	 -0.003651	 0.047086	
9.811006	 10.436389	 10.578963	 0.005502	 -0.005363	 0.031643	
9.750726	 10.651121	 11.038852	 0.003718	 -0.001863	 0.058540	
9.565265	 10.460916	 11.200307	 0.003662	 -0.001841	 0.058842	
10.385331	 11.747819	 11.575713	 0.003089	 -0.003895	 0.045537	
9.323227	 9.976875	 10.968234	 0.004114	 0.000400	 0.046274	
9.505771	 10.407664	 10.962034	 0.004051	 -0.003816	 0.062789	
9.391674	 10.309587	 10.610278	 0.003538	 -0.001759	 0.057442	
10.220832	 11.390738	 10.812971	 0.003413	 -0.003462	 0.032950	
10.201147	 11.804313	 9.533224	 0.002217	 -0.002814	 0.027775	
9.528520	 10.535584	 10.884407	 0.003443	 -0.002617	 0.047365	
9.823724	 11.015360	 10.688412	 0.003302	 -0.003868	 0.052357	
9.158132	 9.725760	 10.038756	 0.005019	 -0.002438	 0.047682	
10.061303	 11.317556	 10.465618	 0.003174	 -0.003573	 0.033417	
10.128338	 11.365276	 10.740982	 0.003202	 -0.003511	 0.027538	
9.306599	 9.997517	 10.792960	 0.004639	 -0.002906	 0.043304	
10.560685	 12.104989	 12.125457	 0.002704	 -0.003712	 0.053121	
8.764004	 9.368646	 10.211060	 0.003836	 0.001800	 0.067488	
9.629178	 10.207394	 11.752457	 0.005760	 -0.005609	 0.057306	
10.653804	 12.112326	 11.227136	 0.003045	 -0.004203	 0.031141	
9.238484	 9.748018	 10.389053	 0.005447	 -0.002720	 0.055388	
9.412711	 10.166848	 10.458626	 0.004625	 -0.004068	 0.053451	
9.466646	 10.503716	 9.902665	 0.003336	 -0.002569	 0.029621	
9.005870	 9.620566	 10.069486	 0.005028	 -0.003573	 0.049229	
9.820713	 10.775242	 10.336877	 0.003780	 -0.002635	 0.041417	
9.157283	 9.891414	 10.453134	 0.004133	 -0.001467	 0.040176	
9.031863	 9.453935	 10.385753	 0.006091	 -0.004003	 0.056592	
9.908268	 10.396610	 11.277361	 0.006444	 -0.007326	 0.058832	
9.374113	 10.340300	 9.535010	 0.003679	 -0.003286	 0.031264	
9.715917	 10.492492	 10.428882	 0.004447	 -0.002931	 0.042835	
10.258618	 11.837512	 11.530069	 0.002291	 -0.002878	 0.049849	
9.201133	 9.858346	 9.610857	 0.005078	 -0.004602	 0.040551	
10.383403	 11.787691	 10.667589	 0.002991	 -0.003884	 0.036914	
9.227246	 9.805311	 10.613402	 0.005506	 -0.004781	 0.053740	
10.632607	 12.178723	 11.035172	 0.002824	 -0.003980	 0.031683	
10.402936	 11.865647	 9.671201	 0.002867	 -0.003819	 0.025395	
9.708943	 10.981853	 10.491745	 0.002585	 -0.002052	 0.039371	
9.082028	 9.665128	 9.700801	 0.005032	 -0.003046	 0.032538	
10.069871	 11.339467	 9.942993	 0.003160	 -0.003696	 0.027213	
9.339703	 10.137122	 9.842550	 0.004587	 -0.004593	 0.062580	
10.138344	 11.587394	 9.881504	 0.002555	 -0.002988	 0.027467	
9.861600	 10.546637	 11.007360	 0.005283	 -0.005124	 0.037895	
9.904523	 11.174942	 10.079741	 0.002680	 -0.002139	 0.026420	
10.184939	 11.606798	 10.698643	 0.002530	 -0.002557	 0.038079	
10.355653	 11.760530	 9.828531	 0.003057	 -0.004191	 0.030108	
9.199065	 9.785608	 10.020468	 0.005124	 -0.003072	 0.030520	
9.347077	 10.136278	 10.530366	 0.004081	 -0.001977	 0.037349	
9.413603	 9.917700	 10.984805	 0.005772	 -0.004334	 0.059206	
9.237034	 10.121292	 10.537393	 0.003704	 -0.002345	 0.044502	
9.510443	 10.403191	 9.669217	 0.004242	 -0.004235	 0.041983	
9.124055	 9.702101	 11.087278	 0.004415	 0.000523	 0.067832	
9.337368	 10.337015	 10.519492	 0.003371	 -0.002542	 0.043958	
10.346760	 11.783943	 10.392696	 0.002975	 -0.004059	 0.041918	
9.624043	 10.784058	 10.108099	 0.002892	 -0.002272	 0.039749	
9.055280	 9.576104	 9.966997	 0.005113	 -0.001888	 0.049489	
9.810799	 11.034994	 11.214954	 0.003038	 -0.003149	 0.048372	
8.957088	 9.465547	 10.752509	 0.005147	 -0.001887	 0.068510	
9.421407	 9.869974	 11.129703	 0.006768	 -0.008176	 0.056933	
9.617188	 10.579169	 9.881079	 0.003661	 -0.002604	 0.031402	
9.520484	 10.138132	 11.479259	 0.005987	 -0.007469	 0.059263	
10.263304	 11.499931	 11.438264	 0.003238	 -0.003427	 0.039094	
10.685577	 12.196042	 10.257284	 0.002884	 -0.003957	 0.025274	
9.671030	 10.785204	 9.716427	 0.003275	 -0.003188	 0.043654	
9.734408	 10.615765	 11.149803	 0.003948	 -0.002433	 0.054850	
9.035060	 9.685674	 11.010718	 0.003677	 0.002267	 0.066043	
9.889490	 11.233908	 10.770330	 0.002407	 -0.001751	 0.040132	
9.858616	 10.984763	 11.274682	 0.003547	 -0.003975	 0.045128	
8.884098	 9.407832	 9.659877	 0.004870	 -0.000851	 0.052743	
9.183172	 10.057281	 9.515421	 0.003261	 -0.000136	 0.029851	
8.862812	 9.616811	 9.750093	 0.003552	 0.000110	 0.051284	
9.138814	 9.865323	 11.051316	 0.003741	 0.000452	 0.060137	
8.904491	 9.408751	 10.211387	 0.004817	 0.000007	 0.052487	
10.480360	 11.625775	 11.608293	 0.003921	 -0.005010	 0.044391	
9.509820	 10.195565	 11.232445	 0.004456	 -0.001489	 0.059245	
10.531904	 12.099073	 11.003347	 0.002595	 -0.003496	 0.043031	
9.189133	 10.049952	 9.809602	 0.003230	 0.000226	 0.033075	
10.746120	 12.249287	 11.553061	 0.002933	 -0.004015	 0.053510	
10.422973	 11.939991	 10.301413	 0.002687	 -0.003560	 0.032134	
9.655571	 10.793154	 9.836686	 0.003075	 -0.002481	 0.030062	
9.353998	 10.291644	 10.020756	 0.003084	 -0.000197	 0.033281	
9.896404	 10.895423	 10.106632	 0.004061	 -0.004514	 0.027890	
9.708916	 10.771566	 10.276056	 0.003586	 -0.003640	 0.034343	
9.648435	 10.573156	 10.360139	 0.004028	 -0.003648	 0.033767	
9.148071	 9.657089	 10.797465	 0.005906	 -0.005174	 0.054507	
9.434061	 10.162594	 10.566609	 0.004670	 -0.003558	 0.053119	
9.580208	 10.563175	 10.725422	 0.003095	 -0.000499	 0.036640	
10.278777	 11.697839	 10.331169	 0.002725	 -0.003082	 0.037986	
9.968060	 11.131710	 10.757205	 0.003090	 -0.002534	 0.030629	
9.813311	 10.809526	 10.070033	 0.003889	 -0.003968	 0.025269	
10.396130	 11.527302	 11.533464	 0.003879	 -0.004777	 0.044191	
9.554270	 10.650916	 10.145237	 0.003075	 -0.002253	 0.035431	
9.382617	 9.983217	 10.117199	 0.005525	 -0.005276	 0.044537	
9.838796	 10.870851	 10.442223	 0.004048	 -0.005004	 0.037778	
9.546353	 10.554657	 10.933724	 0.003574	 -0.003259	 0.052373	
10.090335	 11.239919	 10.951182	 0.003326	 -0.002945	 0.056468	
9.867373	 10.589469	 10.916887	 0.005430	 -0.006729	 0.039990	
9.759005	 10.705051	 10.140589	 0.003933	 -0.003393	 0.030233	
9.334877	 10.051858	 11.077712	 0.004484	 -0.002614	 0.052890	
9.766556	 10.758493	 10.776910	 0.003637	 -0.002849	 0.036888	
9.739563	 10.797070	 9.873424	 0.003478	 -0.003140	 0.027070	
10.068978	 11.446047	 10.892325	 0.002790	 -0.003272	 0.038055	
9.805051	 10.885550	 10.883021	 0.003567	 -0.003746	 0.062106	
8.731286	 9.269756	 10.179192	 0.004134	 0.002354	 0.088157	
9.220442	 9.861419	 10.653694	 0.005322	 -0.005320	 0.057829	
9.493728	 10.505486	 10.946913	 0.002885	 -0.000206	 0.041416	
9.373926	 9.806646	 10.981460	 0.006316	 -0.005370	 0.043505	
10.322957	 11.713869	 10.973846	 0.002853	 -0.003261	 0.054258	
9.361351	 10.083805	 10.085228	 0.003813	 0.000488	 0.029666	
10.117535	 11.533570	 10.375907	 0.002455	 -0.002376	 0.029895	
10.208969	 11.322986	 11.820483	 0.003516	 -0.003396	 0.042612	
10.034564	 11.101179	 11.014381	 0.003638	 -0.003386	 0.048176	
9.572407	 9.856269	 10.998755	 0.007348	 -0.007338	 0.039764	
9.939394	 11.335331	 10.244011	 0.002447	 -0.002377	 0.029709	
10.068513	 11.124925	 10.170263	 0.003861	 -0.004120	 0.026901	
9.801210	 10.751203	 11.677222	 0.003590	 -0.001902	 0.045196	
10.069815	 11.502515	 10.769406	 0.002607	 -0.003062	 0.035699	
9.374920	 10.047573	 11.100557	 0.004416	 -0.001493	 0.054002	
10.367919	 11.572547	 9.995637	 0.003648	 -0.004612	 0.020956	
8.983807	 9.478570	 10.518950	 0.005182	 -0.001803	 0.050772	
10.189307	 11.081876	 11.030502	 0.004795	 -0.005903	 0.041174	
10.047805	 11.226633	 11.059741	 0.003369	 -0.003588	 0.046062	
8.918610	 9.510076	 9.506403	 0.004587	 -0.001029	 0.035698	
10.255511	 11.780471	 10.323505	 0.002443	 -0.003040	 0.033618	
10.209878	 11.783461	 11.477416	 0.002247	 -0.002767	 0.053718	
9.553733	 10.479149	 11.077578	 0.003432	 -0.001066	 0.036969	
9.715596	 10.745509	 11.531933	 0.003031	 -0.000810	 0.051390	
9.875917	 11.062889	 11.363100	 0.003279	 -0.003628	 0.065325	
9.699553	 10.469552	 11.041628	 0.004744	 -0.004479	 0.045108	
8.943066	 9.600828	 10.634908	 0.004528	 -0.002231	 0.067083	
10.557153	 12.081628	 10.167202	 0.002715	 -0.003627	 0.036805	
9.588191	 10.461848	 10.124930	 0.004290	 -0.004211	 0.040325	
9.158398	 9.767264	 9.786070	 0.005344	 -0.004779	 0.044269	
10.082524	 10.965620	 10.955547	 0.004501	 -0.004607	 0.040897	
9.727794	 10.607675	 11.408137	 0.003945	 -0.002446	 0.050793	
9.486745	 10.029807	 10.682903	 0.006185	 -0.007255	 0.049251	
10.166263	 11.397904	 10.876201	 0.003073	 -0.002787	 0.032100	
9.651126	 10.624280	 9.984168	 0.004046	 -0.004452	 0.036917	
9.689673	 10.833198	 10.656988	 0.003329	 -0.003570	 0.044385	
10.014906	 10.837857	 11.301382	 0.005029	 -0.006291	 0.059607	
9.594030	 10.655639	 10.395735	 0.002773	 -0.000140	 0.032861	
9.879800	 11.100210	 9.897319	 0.002882	 -0.002432	 0.031776	
10.329017	 11.619819	 10.514698	 0.003465	 -0.004772	 0.040919	
10.135518	 11.100662	 11.195393	 0.004493	 -0.005606	 0.055454	
9.410197	 9.998028	 10.624933	 0.006103	 -0.007592	 0.069069	
9.227992	 9.888130	 9.944284	 0.004325	 -0.000800	 0.034221	
10.606776	 12.126589	 11.492504	 0.002779	 -0.003686	 0.045427	
10.109844	 11.413496	 10.444507	 0.002941	 -0.003150	 0.035383	
9.151428	 9.745879	 9.898483	 0.005477	 -0.005145	 0.051348	
9.453376	 10.262865	 9.656684	 0.004359	 -0.003678	 0.030017	
10.247587	 11.396245	 11.736424	 0.003654	 -0.004221	 0.041990	
9.517726	 10.454681	 10.215963	 0.003693	 -0.002530	 0.063513	
9.728615	 10.566911	 11.224068	 0.004350	 -0.003784	 0.038196	
9.823195	 11.031080	 9.957255	 0.003069	 -0.003181	 0.043908	
9.313917	 10.229916	 10.910229	 0.003406	 -0.001557	 0.058664	
10.064062	 11.500434	 11.187278	 0.002603	 -0.003134	 0.047539	
9.915346	 10.789567	 10.688131	 0.004762	 -0.005879	 0.051233	
9.851174	 10.984381	 9.620846	 0.003440	 -0.003675	 0.027087	
9.628904	 10.786844	 10.523165	 0.003116	 -0.003073	 0.039637	
10.149926	 11.464765	 10.097052	 0.002836	 -0.002740	 0.030479	
10.103496	 11.416123	 11.368197	 0.002854	 -0.002851	 0.044080	
9.939405	 11.080123	 11.584142	 0.003282	 -0.003061	 0.046484	
9.586285	 10.604913	 10.863183	 0.003586	 -0.003327	 0.065354	
10.298222	 11.438461	 11.538177	 0.003589	 -0.003790	 0.040730	
9.365544	 10.288139	 10.180846	 0.003809	 -0.003108	 0.060188	
10.003342	 11.111921	 10.421116	 0.003425	 -0.003165	 0.029589	
10.013340	 11.196752	 10.137361	 0.003597	 -0.004635	 0.049698	
9.405115	 10.246539	 9.909148	 0.004285	 -0.003902	 0.061515	
9.840619	 10.988431	 10.311550	 0.003118	 -0.002476	 0.029432	
9.248504	 9.537410	 10.481656	 0.007308	 -0.006723	 0.064735	
10.441028	 11.827880	 10.245700	 0.003044	 -0.003871	 0.027692	
10.198700	 11.687625	 10.861123	 0.002326	 -0.002370	 0.030679	
9.804787	 10.559773	 11.126421	 0.004993	 -0.005235	 0.050484	
9.679497	 10.907499	 9.792338	 0.002906	 -0.002958	 0.038927	
9.810548	 10.749197	 10.574365	 0.003980	 -0.003399	 0.048065	
9.812997	 11.054859	 10.432040	 0.002727	 -0.002132	 0.039557	
10.302422	 11.546702	 10.438447	 0.003521	 -0.004516	 0.029108	
9.626377	 10.647036	 9.612870	 0.003843	 -0.004275	 0.035905	
9.692517	 10.393061	 10.970604	 0.004831	 -0.003640	 0.050374	
9.968968	 11.278863	 10.227799	 0.002704	 -0.002517	 0.039388	
9.546543	 10.334415	 11.253461	 0.004504	 -0.003712	 0.051674	
9.914182	 10.894096	 11.120182	 0.004427	 -0.005876	 0.046593	
10.081175	 11.469740	 11.748301	 0.002695	 -0.003000	 0.058818	
9.298263	 9.989778	 9.721809	 0.005038	 -0.004808	 0.043539	
9.140169	 9.719413	 10.414197	 0.004828	 -0.001783	 0.058325	
9.092048	 9.784972	 10.986597	 0.003423	 0.002959	 0.043143	
9.158422	 9.949785	 10.590174	 0.003608	 -0.000324	 0.045891	
10.144872	 11.667499	 10.311300	 0.002367	 -0.002875	 0.031879	
10.253735	 11.731722	 10.839949	 0.002540	 -0.002960	 0.040424	
10.236485	 11.651359	 10.358962	 0.002707	 -0.003052	 0.035353	
9.766934	 10.891021	 10.764236	 0.003369	 -0.003491	 0.061106	
9.065674	 9.549362	 9.877937	 0.005959	 -0.005215	 0.044621	
10.066731	 11.056620	 11.265714	 0.003907	 -0.003631	 0.050762	
9.336120	 10.083061	 9.685930	 0.004266	 -0.002322	 0.028969	
9.452845	 10.344750	 10.478249	 0.004172	 -0.004124	 0.058867	
9.815429	 10.716007	 10.694755	 0.004450	 -0.004851	 0.062167	
9.944264	 11.217672	 10.857520	 0.002542	 -0.001476	 0.035338	
9.400273	 10.091228	 10.468384	 0.003975	 0.000422	 0.036284	
10.299486	 11.624512	 11.499665	 0.003040	 -0.003515	 0.040676	
9.228083	 9.907030	 10.145462	 0.004159	 -0.000253	 0.027384	
9.819714	 11.161904	 9.500112	 0.002678	 -0.002946	 0.040019	
9.627086	 10.872233	 9.857927	 0.002765	 -0.002599	 0.036778	
9.533772	 10.357795	 11.137746	 0.003756	 -0.001016	 0.051537	
9.335368	 9.784261	 11.559041	 0.006138	 -0.004827	 0.063384	
9.623756	 10.760151	 10.707357	 0.003171	 -0.002945	 0.052364	
9.600416	 10.346748	 9.993883	 0.005015	 -0.005200	 0.030098	
9.334412	 10.051616	 10.272676	 0.004523	 -0.002770	 0.048187	
10.042429	 11.074692	 11.350017	 0.003615	 -0.003002	 0.039757	
9.596999	 10.451292	 10.753590	 0.004106	 -0.003011	 0.032172	
9.735095	 10.765401	 10.910938	 0.003061	 -0.000843	 0.049451	
10.361632	 11.897537	 10.178575	 0.002441	 -0.002984	 0.028285	
10.008608	 11.467846	 10.967941	 0.002458	 -0.002898	 0.048756	
10.325086	 11.759401	 11.526522	 0.002663	 -0.002972	 0.053703	
9.248956	 9.698749	 11.189867	 0.006054	 -0.004425	 0.057045	
9.749859	 10.838264	 10.361200	 0.003569	 -0.003759	 0.046400	
9.556009	 10.582952	 10.974667	 0.003344	 -0.002519	 0.050952	
9.079693	 9.675257	 9.611708	 0.004802	 -0.001878	 0.028556	
10.420338	 11.898203	 11.118696	 0.002652	 -0.003155	 0.027056	
9.930897	 10.944188	 10.452403	 0.003863	 -0.003722	 0.052165	
10.620282	 12.010133	 10.548114	 0.003182	 -0.004154	 0.039464	
9.638257	 10.312355	 10.691322	 0.005311	 -0.005361	 0.065111	
9.880275	 10.920266	 10.270722	 0.003685	 -0.003573	 0.027984	
10.776436	 12.341493	 10.799396	 0.002832	 -0.003976	 0.029071	
9.175682	 9.995226	 10.116713	 0.004040	 -0.002862	 0.050123	
9.713738	 10.915699	 10.310502	 0.002710	 -0.001808	 0.027856	
9.763799	 10.918927	 10.078754	 0.002679	 -0.000883	 0.037836	
9.907553	 11.339373	 10.354061	 0.002377	 -0.002512	 0.040564	
10.175807	 11.538197	 9.985360	 0.002784	 -0.002988	 0.028917	
9.896771	 10.771599	 10.862431	 0.004664	 -0.005451	 0.046564	
10.100986	 11.364274	 10.037475	 0.003159	 -0.003644	 0.024403	
9.844010	 10.971516	 10.526592	 0.002953	 -0.001470	 0.041153	
10.206981	 11.292801	 11.436767	 0.003753	 -0.003964	 0.040598	
9.381606	 10.039370	 10.534077	 0.004546	 -0.001856	 0.070987	
10.129254	 11.524202	 10.274659	 0.002576	 -0.002566	 0.032242	
10.045586	 11.424505	 10.649001	 0.002531	 -0.002370	 0.032353	
9.502853	 10.556974	 9.576070	 0.003331	 -0.002930	 0.032670	
9.238280	 9.816490	 10.128059	 0.004641	 -0.000723	 0.030521	
9.994905	 11.141827	 10.418326	 0.003478	 -0.003795	 0.035597	
10.132590	 11.428675	 11.390623	 0.003041	 -0.003401	 0.040489	
9.790186	 11.143994	 9.729851	 0.002576	 -0.002699	 0.036577	
8.935647	 9.676580	 9.747471	 0.003408	 0.001227	 0.051639	
10.170306	 11.135316	 10.588753	 0.004229	 -0.004482	 0.036051	
9.265633	 10.205743	 9.607515	 0.003595	 -0.002631	 0.058790	
9.850733	 10.963378	 10.408237	 0.002885	 -0.001174	 0.040632	
9.382775	 10.070339	 10.212811	 0.004557	 -0.002162	 0.047136	
9.239225	 9.696595	 10.386876	 0.005848	 -0.003910	 0.045260	
10.718918	 12.177516	 10.335949	 0.003053	 -0.004155	 0.030957	
9.852280	 10.787265	 10.719154	 0.004242	 -0.004602	 0.044508	
10.170499	 11.421011	 11.456217	 0.003458	 -0.004587	 0.044008	
9.835135	 10.645293	 11.761736	 0.004521	 -0.003815	 0.049497	
9.350278	 9.772855	 9.854354	 0.006921	 -0.008022	 0.034920	
9.799556	 10.955507	 10.471062	 0.002827	 -0.001450	 0.028000	
9.732254	 10.886209	 10.094548	 0.002721	 -0.001197	 0.028536	
9.917270	 10.809436	 10.650143	 0.004745	 -0.005942	 0.040244	
9.137992	 9.753339	 10.620581	 0.004489	 -0.000654	 0.049284	
10.314663	 11.754832	 10.775547	 0.002659	 -0.003000	 0.039394	
9.962905	 11.121254	 10.808512	 0.003408	 -0.003685	 0.042819	
8.973111	 9.687684	 10.815265	 0.003742	 0.000334	 0.064130	
8.779336	 9.305480	 10.515436	 0.004606	 0.000335	 0.064799	
9.784118	 10.550303	 10.901803	 0.004830	 -0.004552	 0.061085	
10.400253	 11.682822	 11.369063	 0.003196	 -0.003569	 0.041531	
9.593941	 10.372543	 10.925589	 0.005150	 -0.006414	 0.050388	
9.609560	 10.244701	 10.019082	 0.005576	 -0.005834	 0.031984	
9.624808	 10.180542	 11.107610	 0.005718	 -0.005157	 0.046074	
9.763676	 10.830192	 10.100213	 0.003286	 -0.002276	 0.023824	
8.965653	 9.445233	 10.008946	 0.005628	 -0.003688	 0.068143	
